1
96.9397 138.799 140.66
2
167.448 140.678 143.891
3
129.103 127.376 105.393
4
109.646 111.125 147.448
5
141.995 139.77 101.823
6
181.039 96.3661 128.531
7
155.889 155.108 183.132
8
104.861 144.417 85.1122
9
130.88 169.103 141.875
10
79.3054 151.36 104.894
11
183.335 98.8946 183.956
12
181.14 139.604 191.916
13
77.3982 153.442 77.3252
14
140.337 86.8628 159.295
15
105.419 176.312 151.655
16
205.791 123.336 204.551
17
130.409 175.157 111.706
18
130.437 107.277 103.622
19
244.333 126.829 127.471
20
205.54 127.004 126.991
21
167.963 127.004 126.993
22
130.547 126.803 127.54
23
92.1719 127.002 126.995
24
55.3459 127.002 126.997