14639.8
13043.6
12564
12138.9
11735.6
11352.3
10987.7
10641
10311.3
9997.56
9699.07
9415
9144.62
8887.21
8642.1
8408.66
8186.29
7974.42
7772.51
7580.03
7396.52
7221.51
7054.56
6895.26
6743.22
6598.06
6459.45
6327.04
6200.51
6079.57
5963.94
5853.35
5747.53
5646.26
5549.29
5456.42
5367.44
5282.16
5200.38
5121.94
5046.66
4974.4
4905
4838.32
4774.22
4712.58
4653.29
4596.21
4541.26
4488.31
4437.29
4388.08
4340.62
4294.8
4250.56
4207.82
4166.51
4126.57
4087.91
4050.5
4014.27
3979.16
3945.13
3912.12
3880.09
3849
3818.8
3789.45
3760.92
3733.16
3706.16
3679.86
3654.25
3629.29
3604.96
3581.23
3558.07
3535.46
3513.38
3491.81
3470.73
3450.11
3429.95
3410.21
3390.89
3371.97
3353.44
3335.27
3317.46
3299.99
3282.86
3266.05
3249.54
3233.33
3217.41
3201.77
3186.4
3171.28
3156.42
3141.81
3127.42
3113.27
3099.34
3085.63
3072.12
3058.82
3045.72
3032.81
3020.08
3007.54
2995.17
2982.97
2970.95
2959.08
2947.38
2935.83
2924.44
2913.19
2902.09
2891.13
2880.3
2869.62
2859.06
2848.64
2838.34
2828.17
2818.12
2808.19
2798.38
2788.68
2779.1
2769.62
2760.26
2751
2741.85
2732.8
2723.85
2715
2706.25
2697.6
2689.04
2680.58
2672.2
2663.92
2655.73
2647.63
2639.61
2631.68
2623.83
2616.06
2608.38
2600.78
2593.26
2585.81
2578.45
2571.16
2563.94
2556.8
2549.74
2542.74
2535.82
2528.97
2522.19
2515.48
2508.83
2502.26
2495.75
2489.31
2482.93
2476.61
2470.36
2464.18
2458.05
2451.99
2445.99
2440.04
2434.16
2428.33
2422.57
2416.86
2411.21
2405.61
2400.07
2394.58
2389.15
2383.78
2378.45
2373.18
2367.96
2362.79
2357.68
2352.61
2347.6
2342.63
2337.71
2332.84
2328.02
2323.25
2318.52
2313.84
2309.21
2304.62
2300.07
2295.57
2291.12
2286.71
2282.34
2278.01
2273.73
2269.49
2265.29
2261.13
2257.01
2252.94
2248.9
2244.9
2240.94
2237.02
2233.14
2229.3
2225.49
2221.72
2217.99
2214.29
2210.63
2207.01
2203.42
2199.87
2196.35
2192.86
2189.41
2186
2182.61
2179.26
2175.94
2172.66
2169.41
2166.18
2162.99
2159.84
2156.71
2153.61
2150.54
2147.5
2144.5
2141.52
2138.57
2135.65
2132.75
2129.89
2127.05
2124.24
2121.46
2118.71
2115.98
2113.28
2110.6
2107.96
2105.33
2102.74
2100.16
2097.62
2095.1
2092.6
2090.12
2087.68
2085.25
2082.85
2080.47
2078.12
2075.78
2073.47
2071.19
2068.92
2066.68
2064.46
2062.26
2060.08
2057.93
2055.79
2053.68
2051.58
2049.51
2047.45
2045.42
2043.41
2041.41
2039.44
2037.48
2035.55
2033.63
2031.73
2029.85
2027.99
2026.14
2024.32
2022.51
2020.72
2018.95
2017.19
2015.45
2013.73
2012.02
2010.33
2008.66
2007.01
2005.37
2003.74
2002.13
2000.54
1998.97
1997.4
1995.86
1994.33
1992.81
1991.31
1989.82
1988.35
1986.89
1985.45
1984.02
1982.6
1981.2
1979.81
1978.44
1977.07
1975.73
1974.39
1973.07
1971.76
1970.46
1969.18
1967.91
1966.65
1965.4
1964.16
1962.94
1961.73
1960.53
1959.34
1958.17
1957
1955.85
1954.71
1953.58
1952.46
1951.35
1950.25
1949.16
1948.09
1947.02
1945.97
1944.92
1943.88
1942.86
1941.84
1940.84
1939.84
1938.86
1937.88
1936.91
1935.95
1935.01
1934.07
1933.14
1932.22
1931.3
1930.4
1929.51
1928.62
1927.75
1926.88
1926.02
1925.17
1924.32
1923.49
1922.66
1921.84
1921.03
1920.23
1919.43
1918.64
1917.86
1917.09
1916.33
1915.57
1914.82
1914.08
1913.34
1912.61
1911.89
1911.18
1910.47
1909.77
1909.08
1908.39
1907.71
1907.04
1906.37
1905.71
1905.06
1904.41
1903.77
1903.13
1902.5
1901.88
1901.26
1900.65
1900.05
1899.45
1898.86
1898.27
1897.69
1897.11
1896.54
1895.98
1895.42
1894.86
1894.31
1893.77
1893.23
1892.7
1892.17
1891.65
1891.13
1890.62
1890.11
1889.61
1889.11
1888.62
1888.13
1887.65
1887.17
1886.7
1886.23
1885.76
1885.3
1884.85
1884.4
1883.95
1883.51
1883.07
1882.64
1882.21
1881.78
1881.36
1880.94
1880.53
1880.12
1879.72
1879.31
1878.92
1878.52
1878.13
1877.75
1877.37
1876.99
1876.61
1876.24
1875.87
1875.51
1875.15
1874.79
1874.44
1874.09
1873.74
1873.4
1873.06
1872.72
1872.39
1872.06
1871.73
1871.41
1871.09
1870.77
1870.46
1870.15
1869.84
1869.53
1869.23
1868.93
1868.63
1868.34
1868.05
1867.76
1867.48
1867.2
1866.92
1866.64
1866.36
1866.09
1865.82
1865.56
1865.29
1865.03
1864.77
1864.52
1864.27
1864.01
1863.77
1863.52
1863.28
1863.03
1862.79
1862.56
1862.32
1862.09
1861.86
1861.63
1861.41
1861.18
1860.96
1860.74
1860.53
1860.31
1860.1
1859.89
1859.68
1859.47
1859.27
1859.07
1858.87
1858.67
1858.47
1858.28
1858.08
1857.89
1857.7
1857.51
1857.33
1857.15
1856.96
1856.78
1856.6
1856.43
1856.25
1856.08
1855.91
1855.74
1855.57
1855.4
1855.24
1855.07
1854.91
1854.75
1854.59
1854.44
1854.28
1854.13
1853.97
1853.82
1853.67
1853.52
1853.38
1853.23
1853.09
1852.94
1852.8
1852.66
1852.52
1852.39
1852.25
1852.12
1851.98
1851.85
1851.72
1851.59
1851.46
1851.34
1851.21
1851.09
1850.96
1850.84
1850.72
1850.6
1850.48
1850.36
1850.25
1850.13
1850.02
1849.91
1849.79
1849.68
1849.57
1849.47
1849.36
1849.25
1849.15
1849.04
1848.94
1848.84
1848.73
1848.63
1848.53
1848.44
1848.34
1848.24
1848.14
1848.05
1847.96
1847.86
1847.77
1847.68
1847.59
1847.5
1847.41
1847.32
1847.24
1847.15
1847.07
1846.98
1846.9
1846.82
1846.73
1846.65
1846.57
1846.49
1846.41
1846.33
1846.26
1846.18
1846.11
1846.03
1845.96
1845.88
1845.81
1845.74
1845.67
1845.59
1845.52
1845.45
1845.39
1845.32
1845.25
1845.18
1845.12
1845.05
1844.99
1844.92
1844.86
1844.8
1844.73
1844.67
1844.61
1844.55
1844.49
1844.43
1844.37
1844.31
1844.25
1844.2
1844.14
1844.08
1844.03
1843.97
1843.92
1843.86
1843.81
1843.76
1843.71
1843.65
1843.6
1843.55
1843.5
1843.45
1843.4
1843.35
1843.3
1843.25
1843.21
1843.16
1843.11
1843.07
1843.02
1842.98
1842.93
1842.89
1842.84
1842.8
1842.75
1842.71
1842.67
1842.63
1842.59
1842.54
1842.5
1842.46
1842.42
1842.38
1842.34
1842.3
1842.27
1842.23
1842.19
1842.15
1842.12
1842.08
1842.04
1842.01
1841.97
1841.94
1841.9
1841.87
1841.83
1841.8
1841.76
1841.73
1841.7
1841.66
1841.63
1841.6
1841.57
1841.54
1841.5
1841.47
1841.44
1841.41
1841.38
1841.35
1841.32
1841.29
1841.27
1841.24
1841.21
1841.18
1841.15
1841.12
1841.1
1841.07
1841.04
1841.02
1840.99
1840.96
1840.94
1840.91
1840.89
1840.86
1840.84
1840.81
1840.79
1840.76
1840.74
1840.72
1840.69
1840.67
1840.65
1840.62
1840.6
1840.58
1840.56
1840.54
1840.51
1840.49
1840.47
1840.45
1840.43
1840.41
1840.39
1840.37
1840.35
1840.33
1840.31
1840.29
1840.27
1840.25
1840.23
1840.21
1840.19
1840.17
1840.16
1840.14
1840.12
1840.1
1840.08
1840.07
1840.05
1840.03
1840.01
1840
1839.98
1839.96
1839.95
1839.93
1839.92
1839.9
1839.88
1839.87
1839.85
1839.84
1839.82
1839.81
1839.79
1839.78
1839.76
1839.75
1839.73
1839.72
1839.71
1839.69
1839.68
1839.66
1839.65
1839.64
1839.62
1839.61
1839.6
1839.58
1839.57
1839.56
1839.55
1839.53
1839.52
1839.51
1839.5
1839.48
1839.47
1839.46
1839.45
1839.44
1839.43
1839.41
1839.4
1839.39
1839.38
1839.37
1839.36
1839.35
1839.34
1839.33
1839.32
1839.31
1839.3
1839.29
1839.27
1839.26
1839.25
1839.25
1839.24
1839.23
1839.22
1839.21
1839.2
1839.19
1839.18
1839.17
1839.16
1839.15
1839.14
1839.13
1839.12
1839.12
1839.11
1839.1
1839.09
1839.08
1839.07
1839.07
1839.06
1839.05
1839.04
1839.03
1839.03
1839.02
1839.01
1839
1838.99
1838.99
1838.98
1838.97
1838.96
1838.96
1838.95
1838.94
1838.94
1838.93
1838.92
1838.92
1838.91
1838.9
1838.89
1838.89
1838.88
1838.88
1838.87
1838.86
1838.86
1838.85
1838.84
1838.84
1838.83
1838.82
1838.82
1838.81
1838.81
1838.8
1838.8
1838.79
1838.78
1838.78
1838.77
1838.77
1838.76
1838.76
1838.75
1838.74
1838.74
1838.73
1838.73
1838.72
1838.72
1838.71
1838.71
1838.7
1838.7
1838.69
1838.69
1838.68
1838.68
1838.67
1838.67
1838.66
1838.66
1838.65
1838.65
1838.65
1838.64
1838.64
1838.63
1838.63
1838.62
1838.62
1838.61
1838.61
1838.61
1838.6
1838.6
1838.59
1838.59
1838.59
1838.58
1838.58
1838.57
1838.57
1838.57
1838.56
1838.56
1838.55
1838.55
1838.55
1838.54
1838.54
1838.54
1838.53
1838.53
1838.52
1838.52
1838.52
1838.51
1838.51
1838.51
1838.5
1838.5
1838.5
1838.49
1838.49
1838.49
1838.48
1838.48
1838.48
1838.47
1838.47
1838.47
1838.46
1838.46
1838.46
1838.46
1838.45
1838.45
1838.45
1838.44
1838.44
1838.44
1838.43
1838.43
1838.43
1838.43
1838.42
1838.42
1838.42
1838.41
1838.41
1838.41
1838.41
1838.4
1838.4
1838.4
1838.4
1838.39
1838.39
1838.39
1838.39
1838.38
1838.38
1838.38
1838.38
1838.37
1838.37
1838.37
1838.37
1838.36
1838.36
1838.36
1838.36
1838.35
1838.35
1838.35
1838.35
1838.35
1838.34
1838.34
1838.34
1838.34
1838.33
1838.33
1838.33
1838.33
1838.33
1838.32
1838.32
1838.32
1838.32
1838.32
1838.31
1838.31
1838.31
1838.31
1838.31
1838.3
1838.3
1838.3
1838.3
1838.3
1838.29
1838.29
1838.29
1838.29
1838.29
1838.28
1838.28
1838.28
1838.28
1838.28
1838.28
1838.27
1838.27
1838.27
1838.27
1838.27
1838.26
1838.26
1838.26
1838.26
1838.26
1838.26
1838.25
1838.25
1838.25
1838.25
1838.25
1838.25
1838.24
1838.24
1838.24
1838.24
1838.24
1838.24
1838.23
1838.23
1838.23
1838.23
1838.23
1838.23
1838.23
1838.22
1838.22
1838.22
1838.22
1838.22
1838.22
1838.22
1838.21
1838.21
1838.21
1838.21
1838.21
1838.21
1838.21
1838.2
1838.2
1838.2
1838.2
1838.2
1838.2
1838.2
1838.19
1838.19
1838.19
1838.19
1838.19
1838.19
1838.19
1838.18
1838.18
1838.18
1838.18
1838.18
1838.18
1838.18
1838.18
1838.17
1838.17
1838.17
1838.17
1838.17
1838.17
1838.17
1838.17
1838.16
1838.16
1838.16
1838.16
1838.16
1838.16
1838.16
1838.16
1838.15
1838.15
1838.15
1838.15
1838.15
1838.15
1838.15
1838.15
1838.15
1838.14
1838.14
1838.14
1838.14
1838.14
1838.14
1838.14
1838.14
1838.14
1838.13
1838.13
1838.13
1838.13
1838.13
1838.13
1838.13
1838.13
1838.13
1838.12
1838.12
1838.12
1838.12
1838.12
1838.12
1838.12
1838.12
1838.12
1838.11
1838.11
1838.11
1838.11
1838.11
1838.11
1838.11
1838.11
1838.11
1838.11
1838.1
1838.1
1838.1
1838.1
1838.1
1838.1
1838.1
1838.1
1838.1
1838.1
1838.09
1838.09
1838.09
1838.09
1838.09
1838.09
1838.09
1838.09
1838.09
1838.09
1838.09
1838.08
1838.08
1838.08
1838.08
1838.08
1838.08
1838.08
1838.08
1838.08
1838.08
1838.07
1838.07
1838.07
1838.07
1838.07
1838.07
1838.07
1838.07
1838.07
1838.07
1838.07
1838.06
1838.06
1838.06
1838.06
1838.06
1838.06
1838.06
1838.06
1838.06
1838.06
1838.06
1838.06
1838.05
1838.05
1838.05
1838.05
1838.05
1838.05
1838.05
1838.05
1838.05
1838.05
1838.05
1838.04
1838.04
1838.04
1838.04
1838.04
1838.04
1838.04
1838.04
1838.04
1838.04
1838.04
1838.04
1838.03
1838.03
1838.03
1838.03
1838.03
1838.03
1838.03
1838.03
1838.03
1838.03
1838.03
1838.03
1838.02
1838.02
1838.02
1838.02
1838.02
1838.02
1838.02
1838.02
1838.02
1838.02
1838.02
1838.02
1838.01
1838.01
1838.01
1838.01
1838.01
1838.01
1838.01
1838.01
1838.01
1838.01
1838.01
1838.01
1838
1838
1838
1838
1838
1838
1838
1838
1838
1838
1838
1838
1838
1837.99
1837.99
1837.99
1837.99
1837.99
1837.99
1837.99
1837.99
1837.99
1837.99
1837.99
1837.99
1837.99
1837.98
1837.98
1837.98
1837.98
1837.98
1837.98
1837.98
1837.98
1837.98
1837.98
1837.98
1837.98
1837.98
1837.97
1837.97
1837.97
1837.97
1837.97
1837.97
1837.97
1837.97
1837.97
1837.97
1837.97
1837.97
1837.97
1837.96
1837.96
1837.96
1837.96
1837.96
1837.96
1837.96
1837.96
1837.96
1837.96
1837.96
1837.96
1837.96
1837.95
1837.95
1837.95
1837.95
1837.95
1837.95
1837.95
1837.95
1837.95
1837.95
1837.95
1837.95
1837.95
1837.95
1837.94
1837.94
1837.94
1837.94
1837.94
1837.94
1837.94
1837.94
1837.94
1837.94
1837.94
1837.94
1837.94
1837.93
1837.93
1837.93
1837.93
1837.93
1837.93
1837.93
1837.93
1837.93
1837.93
1837.93
1837.93
1837.93
1837.93
1837.92
1837.92
1837.92
1837.92
1837.92
1837.92
1837.92
1837.92
1837.92
1837.92
1837.92
1837.92
1837.92
1837.92
1837.91
1837.91
1837.91
1837.91
1837.91
1837.91
1837.91
1837.91
1837.91
1837.91
1837.91
1837.91
1837.91
1837.9
1837.9
1837.9
1837.9
1837.9
1837.9
1837.9
1837.9
1837.9
1837.9
1837.9
1837.9
1837.9
1837.9
1837.89
1837.89
1837.89
1837.89
1837.89
1837.89
1837.89
1837.89
1837.89
1837.89
1837.89
1837.89
1837.89
1837.89
1837.88
1837.88
1837.88
1837.88
1837.88
1837.88
1837.88
1837.88
1837.88
1837.88
1837.88
1837.88
1837.88
1837.88
1837.87
1837.87
1837.87
1837.87
1837.87
1837.87
1837.87
1837.87
1837.87
1837.87
1837.87
1837.87
1837.87
1837.87
1837.86
1837.86
1837.86
1837.86
1837.86
1837.86
1837.86
1837.86
1837.86
1837.86
1837.86
1837.86
1837.86
1837.86
1837.85
1837.85
1837.85
1837.85
1837.85
1837.85
1837.85
1837.85
1837.85
1837.85
1837.85
1837.85
1837.85
1837.85
1837.85
1837.84
1837.84
1837.84
1837.84
1837.84
1837.84
1837.84
1837.84
1837.84
1837.84
1837.84
1837.84
1837.84
1837.84
1837.83
1837.83
1837.83
1837.83
1837.83
1837.83
1837.83
1837.83
1837.83
1837.83
1837.83
1837.83
1837.83
1837.83
1837.82
1837.82
1837.82
1837.82
1837.82
1837.82
1837.82
1837.82
1837.82
1837.82
1837.82
1837.82
1837.82
1837.82
1837.81
1837.81
1837.81
1837.81
1837.81
1837.81
1837.81
1837.81
1837.81
1837.81
1837.81
1837.81
1837.81
1837.81
1837.8
1837.8
1837.8
1837.8
1837.8
1837.8
1837.8
1837.8
1837.8
1837.8
1837.8
1837.8
1837.8
1837.8
1837.8
1837.79
1837.79
1837.79
1837.79
1837.79
1837.79
1837.79
1837.79
1837.79
1837.79
1837.79
1837.79
1837.79
1837.79
1837.78
1837.78
1837.78
1837.78
1837.78
1837.78
1837.78
1837.78
1837.78
1837.78
1837.78
1837.78
1837.78
1837.78
1837.77
1837.77
1837.77
1837.77
1837.77
1837.77
1837.77
1837.77
1837.77
1837.77
1837.77
1837.77
1837.77
1837.77
1837.77
1837.76
1837.76
1837.76
1837.76
1837.76
1837.76
1837.76
1837.76
1837.76
1837.76
1837.76
1837.76
1837.76
1837.76
1837.75
1837.75
1837.75
1837.75
1837.75
1837.75
1837.75
1837.75
1837.75
1837.75
1837.75
1837.75
1837.75
1837.75
1837.74
1837.74
1837.74
1837.74
1837.74
1837.74
1837.74
1837.74
1837.74
1837.74
1837.74
1837.74
1837.74
1837.74
1837.74
1837.73
1837.73
1837.73
1837.73
1837.73
1837.73
1837.73
1837.73
1837.73
1837.73
1837.73
1837.73
1837.73
1837.73
1837.72
1837.72
1837.72
1837.72
1837.72
1837.72
1837.72
1837.72
1837.72
1837.72
1837.72
1837.72
1837.72
1837.72
1837.71
1837.71
1837.71
1837.71
1837.71
1837.71
1837.71
1837.71
1837.71
1837.71
1837.71
1837.71
1837.71
1837.71
1837.71
1837.7
1837.7
1837.7
1837.7
1837.7
1837.7
1837.7
1837.7
1837.7
1837.7
1837.7
1837.7
1837.7
1837.7
1837.69
1837.69
1837.69
1837.69
1837.69
1837.69
1837.69
1837.69
1837.69
1837.69
1837.69
1837.69
1837.69
1837.69
1837.69
1837.68
1837.68
1837.68
1837.68
1837.68
1837.68
1837.68
1837.68
1837.68
1837.68
1837.68
1837.68
1837.68
1837.68
1837.67
1837.67
1837.67
1837.67
1837.67
1837.67
1837.67
1837.67
1837.67
1837.67
1837.67
1837.67
1837.67
1837.67
1837.66
1837.66
1837.66
1837.66
1837.66
1837.66
1837.66
1837.66
1837.66
1837.66
1837.66
1837.66
1837.66
1837.66
1837.66
1837.65
1837.65
1837.65
1837.65
1837.65
1837.65
1837.65
1837.65
1837.65
1837.65
1837.65
1837.65
1837.65
1837.65
1837.64
1837.64
1837.64
1837.64
1837.64
1837.64
1837.64
1837.64
1837.64
1837.64
1837.64
1837.64
1837.64
1837.64
1837.64
1837.63
1837.63
1837.63
1837.63
1837.63
1837.63
1837.63
1837.63
1837.63
1837.63
1837.63
1837.63
1837.63
1837.63
1837.62
1837.62
1837.62
1837.62
1837.62
1837.62
1837.62
1837.62
1837.62
1837.62
1837.62
1837.62
1837.62
1837.62
1837.62
1837.61
1837.61
1837.61
1837.61
1837.61
1837.61
1837.61
1837.61
1837.61
1837.61
1837.61
1837.61
1837.61
1837.61
1837.6
1837.6
1837.6
1837.6
1837.6
1837.6
1837.6
1837.6
1837.6
1837.6
1837.6
1837.6
1837.6
1837.6
1837.59
1837.59
1837.59
1837.59
1837.59
1837.59
1837.59
1837.59
1837.59
1837.59
1837.59
1837.59
1837.59
1837.59
1837.59
1837.58
1837.58
1837.58
1837.58
1837.58
1837.58
1837.58
1837.58
1837.58
1837.58
1837.58
1837.58
1837.58
1837.58
1837.57
1837.57
1837.57
1837.57
1837.57
1837.57
1837.57
1837.57
1837.57
1837.57
1837.57
1837.57
1837.57
1837.57
1837.57
1837.56
1837.56
1837.56
1837.56
1837.56
1837.56
1837.56
1837.56
1837.56
1837.56
1837.56
1837.56
1837.56
1837.56
1837.55
1837.55
1837.55
1837.55
1837.55
1837.55
1837.55
1837.55
1837.55
1837.55
1837.55
1837.55
1837.55
1837.55
1837.55
1837.54
1837.54
1837.54
1837.54
1837.54
1837.54
1837.54
1837.54
1837.54
1837.54
1837.54
1837.54
1837.54
1837.54
1837.53
1837.53
1837.53
1837.53
1837.53
1837.53
1837.53
1837.53
1837.53
1837.53
1837.53
1837.53
1837.53
1837.53
1837.52
1837.52
1837.52
1837.52
1837.52
1837.52
1837.52
1837.52
1837.52
1837.52
1837.52
1837.52
1837.52
1837.52
1837.52
1837.51
1837.51
1837.51
1837.51
1837.51
1837.51
1837.51
1837.51
1837.51
1837.51
1837.51
1837.51
1837.51
1837.51
