2.56028e+08
2.5563e+08
2.55232e+08
2.54835e+08
2.54439e+08
2.54043e+08
2.53648e+08
2.53253e+08
2.52859e+08
2.52466e+08
2.52074e+08
2.51681e+08
2.5129e+08
2.50899e+08
2.50509e+08
2.50119e+08
2.4973e+08
2.49342e+08
2.48954e+08
2.48567e+08
2.4818e+08
2.47794e+08
2.47409e+08
2.47024e+08
2.4664e+08
2.46256e+08
2.45873e+08
2.45491e+08
2.45109e+08
2.44728e+08
2.44347e+08
2.43967e+08
2.43588e+08
2.43209e+08
2.42831e+08
2.42453e+08
2.42076e+08
2.41699e+08
2.41323e+08
2.40948e+08
2.40573e+08
2.40199e+08
2.39825e+08
2.39452e+08
2.3908e+08
2.38708e+08
2.38337e+08
2.37966e+08
2.37596e+08
2.37227e+08
2.36858e+08
2.36489e+08
2.36121e+08
2.35754e+08
2.35387e+08
2.35021e+08
2.34656e+08
2.34291e+08
2.33926e+08
2.33563e+08
2.33199e+08
2.32837e+08
2.32475e+08
2.32113e+08
2.31752e+08
2.31391e+08
2.31032e+08
2.30672e+08
2.30313e+08
2.29955e+08
2.29598e+08
2.29241e+08
2.28884e+08
2.28528e+08
2.28173e+08
2.27818e+08
2.27463e+08
2.2711e+08
2.26756e+08
2.26404e+08
2.26051e+08
2.257e+08
2.25349e+08
2.24998e+08
2.24648e+08
2.24299e+08
2.2395e+08
2.23602e+08
2.23254e+08
2.22907e+08
2.2256e+08
2.22214e+08
2.21868e+08
2.21523e+08
2.21179e+08
2.20835e+08
2.20491e+08
2.20148e+08
2.19806e+08
2.19464e+08
2.19123e+08
2.18782e+08
2.18442e+08
2.18102e+08
2.17763e+08
2.17424e+08
2.17086e+08
2.16748e+08
2.16411e+08
2.16074e+08
2.15738e+08
2.15403e+08
2.15068e+08
2.14733e+08
2.14399e+08
2.14066e+08
2.13733e+08
2.134e+08
2.13069e+08
2.12737e+08
2.12406e+08
2.12076e+08
2.11746e+08
2.11417e+08
2.11088e+08
2.1076e+08
2.10432e+08
2.10105e+08
2.09778e+08
2.09451e+08
2.09126e+08
2.088e+08
2.08476e+08
2.08151e+08
2.07828e+08
2.07504e+08
2.07182e+08
2.06859e+08
2.06538e+08
2.06217e+08
2.05896e+08
2.05576e+08
2.05256e+08
2.04937e+08
2.04618e+08
2.043e+08
2.03982e+08
2.03665e+08
2.03348e+08
2.03032e+08
2.02716e+08
2.024e+08
2.02086e+08
2.01771e+08
2.01458e+08
2.01144e+08
2.00831e+08
2.00519e+08
2.00207e+08
1.99896e+08
1.99585e+08
1.99274e+08
1.98964e+08
1.98655e+08
1.98346e+08
1.98038e+08
1.9773e+08
1.97422e+08
1.97115e+08
1.96808e+08
1.96502e+08
1.96197e+08
1.95891e+08
1.95587e+08
1.95283e+08
1.94979e+08
1.94676e+08
1.94373e+08
1.94071e+08
1.93769e+08
1.93467e+08
1.93166e+08
1.92866e+08
1.92566e+08
1.92266e+08
1.91967e+08
1.91669e+08
1.91371e+08
1.91073e+08
1.90776e+08
1.90479e+08
1.90183e+08
1.89887e+08
1.89592e+08
1.89297e+08
1.89003e+08
1.88709e+08
1.88415e+08
1.88122e+08
1.87829e+08
1.87537e+08
1.87246e+08
1.86954e+08
1.86664e+08
1.86373e+08
1.86083e+08
1.85794e+08
1.85505e+08
1.85216e+08
1.84928e+08
1.84641e+08
1.84354e+08
1.84067e+08
1.83781e+08
1.83495e+08
1.83209e+08
1.82924e+08
1.8264e+08
1.82356e+08
1.82072e+08
1.81789e+08
1.81506e+08
1.81224e+08
1.80942e+08
1.80661e+08
1.8038e+08
1.80099e+08
1.79819e+08
1.79539e+08
1.7926e+08
1.78981e+08
1.78703e+08
1.78425e+08
1.78147e+08
1.7787e+08
1.77594e+08
1.77318e+08
1.77042e+08
1.76766e+08
1.76491e+08
1.76217e+08
1.75943e+08
1.75669e+08
1.75396e+08
1.75123e+08
1.74851e+08
1.74579e+08
1.74307e+08
1.74036e+08
1.73766e+08
1.73495e+08
1.73225e+08
1.72956e+08
1.72687e+08
1.72418e+08
1.7215e+08
1.71882e+08
1.71615e+08
1.71348e+08
1.71082e+08
1.70816e+08
1.7055e+08
1.70285e+08
1.7002e+08
1.69755e+08
1.69491e+08
1.69228e+08
1.68965e+08
1.68702e+08
1.68439e+08
1.68177e+08
1.67916e+08
1.67655e+08
1.67394e+08
1.67134e+08
1.66874e+08
1.66614e+08
1.66355e+08
1.66096e+08
1.65838e+08
1.6558e+08
1.65322e+08
1.65065e+08
1.64809e+08
1.64552e+08
1.64296e+08
1.64041e+08
1.63786e+08
1.63531e+08
1.63277e+08
1.63023e+08
1.62769e+08
1.62516e+08
1.62263e+08
1.62011e+08
1.61759e+08
1.61507e+08
1.61256e+08
1.61005e+08
1.60755e+08
1.60505e+08
1.60255e+08
1.60006e+08
1.59757e+08
1.59508e+08
1.5926e+08
1.59013e+08
1.58765e+08
1.58518e+08
1.58272e+08
1.58026e+08
1.5778e+08
1.57535e+08
1.5729e+08
1.57045e+08
1.56801e+08
1.56557e+08
1.56313e+08
1.5607e+08
1.55827e+08
1.55585e+08
1.55343e+08
1.55101e+08
1.5486e+08
1.54619e+08
1.54379e+08
1.54139e+08
1.53899e+08
1.5366e+08
1.53421e+08
1.53182e+08
1.52944e+08
1.52706e+08
1.52468e+08
1.52231e+08
1.51994e+08
1.51758e+08
1.51522e+08
1.51286e+08
1.51051e+08
1.50816e+08
1.50582e+08
1.50347e+08
1.50114e+08
1.4988e+08
1.49647e+08
1.49414e+08
1.49182e+08
1.4895e+08
1.48718e+08
1.48487e+08
1.48256e+08
1.48025e+08
1.47795e+08
1.47565e+08
1.47336e+08
1.47106e+08
1.46878e+08
1.46649e+08
1.46421e+08
1.46193e+08
1.45966e+08
1.45739e+08
1.45512e+08
1.45286e+08
1.4506e+08
1.44834e+08
1.44609e+08
1.44384e+08
1.4416e+08
1.43935e+08
1.43712e+08
1.43488e+08
1.43265e+08
1.43042e+08
1.4282e+08
1.42597e+08
1.42376e+08
1.42154e+08
1.41933e+08
1.41712e+08
1.41492e+08
1.41272e+08
1.41052e+08
1.40833e+08
1.40614e+08
1.40395e+08
1.40177e+08
1.39959e+08
1.39741e+08
1.39524e+08
1.39307e+08
1.3909e+08
1.38874e+08
1.38658e+08
1.38442e+08
1.38227e+08
1.38012e+08
1.37797e+08
1.37583e+08
1.37369e+08
1.37155e+08
1.36942e+08
1.36729e+08
1.36516e+08
1.36304e+08
1.36092e+08
1.3588e+08
1.35669e+08
1.35458e+08
1.35247e+08
1.35037e+08
1.34827e+08
1.34617e+08
1.34408e+08
1.34199e+08
1.3399e+08
1.33781e+08
1.33573e+08
1.33366e+08
1.33158e+08
1.32951e+08
1.32744e+08
1.32538e+08
1.32332e+08
1.32126e+08
1.3192e+08
1.31715e+08
1.3151e+08
1.31306e+08
1.31102e+08
1.30898e+08
1.30694e+08
1.30491e+08
1.30288e+08
1.30085e+08
1.29883e+08
1.29681e+08
1.29479e+08
1.29278e+08
1.29077e+08
1.28876e+08
1.28676e+08
1.28475e+08
1.28276e+08
1.28076e+08
1.27877e+08
1.27678e+08
1.27479e+08
1.27281e+08
1.27083e+08
1.26885e+08
1.26688e+08
1.26491e+08
1.26294e+08
1.26098e+08
1.25902e+08
1.25706e+08
1.2551e+08
1.25315e+08
1.2512e+08
1.24926e+08
1.24731e+08
1.24537e+08
1.24344e+08
1.2415e+08
1.23957e+08
1.23764e+08
1.23572e+08
1.2338e+08
1.23188e+08
1.22996e+08
1.22805e+08
1.22614e+08
1.22423e+08
1.22233e+08
1.22043e+08
1.21853e+08
1.21663e+08
1.21474e+08
1.21285e+08
1.21097e+08
1.20908e+08
1.2072e+08
1.20532e+08
1.20345e+08
1.20158e+08
1.19971e+08
1.19784e+08
1.19598e+08
1.19412e+08
1.19226e+08
1.19041e+08
1.18856e+08
1.18671e+08
1.18486e+08
1.18302e+08
1.18118e+08
1.17934e+08
1.17751e+08
1.17568e+08
1.17385e+08
1.17202e+08
1.1702e+08
1.16838e+08
1.16656e+08
1.16475e+08
1.16294e+08
1.16113e+08
1.15932e+08
1.15752e+08
1.15572e+08
1.15392e+08
1.15213e+08
1.15033e+08
1.14855e+08
1.14676e+08
1.14498e+08
1.14319e+08
1.14142e+08
1.13964e+08
1.13787e+08
1.1361e+08
1.13433e+08
1.13257e+08
1.13081e+08
1.12905e+08
1.12729e+08
1.12554e+08
1.12379e+08
1.12204e+08
1.12029e+08
1.11855e+08
1.11681e+08
1.11508e+08
1.11334e+08
1.11161e+08
1.10988e+08
1.10815e+08
1.10643e+08
1.10471e+08
1.10299e+08
1.10128e+08
1.09956e+08
1.09785e+08
1.09615e+08
1.09444e+08
1.09274e+08
1.09104e+08
1.08934e+08
1.08765e+08
1.08596e+08
1.08427e+08
1.08258e+08
1.0809e+08
1.07922e+08
1.07754e+08
1.07586e+08
1.07419e+08
1.07252e+08
1.07085e+08
1.06918e+08
1.06752e+08
1.06586e+08
1.0642e+08
1.06255e+08
1.06089e+08
1.05924e+08
1.0576e+08
1.05595e+08
1.05431e+08
1.05267e+08
1.05103e+08
1.0494e+08
1.04777e+08
1.04614e+08
1.04451e+08
1.04288e+08
1.04126e+08
1.03964e+08
1.03803e+08
1.03641e+08
1.0348e+08
1.03319e+08
1.03158e+08
1.02998e+08
1.02838e+08
1.02678e+08
1.02518e+08
1.02359e+08
1.02199e+08
1.0204e+08
1.01882e+08
1.01723e+08
1.01565e+08
1.01407e+08
1.01249e+08
1.01092e+08
1.00935e+08
1.00778e+08
1.00621e+08
1.00464e+08
1.00308e+08
1.00152e+08
9.99964e+07
9.98408e+07
9.96856e+07
9.95305e+07
9.93757e+07
9.92211e+07
9.90668e+07
9.89127e+07
9.87589e+07
9.86053e+07
9.84519e+07
9.82988e+07
9.81459e+07
9.79933e+07
9.78409e+07
9.76887e+07
9.75367e+07
9.7385e+07
9.72336e+07
9.70823e+07
9.69314e+07
9.67806e+07
9.66301e+07
9.64798e+07
9.63297e+07
9.61799e+07
9.60303e+07
9.58809e+07
9.57318e+07
9.55829e+07
9.54343e+07
9.52858e+07
9.51376e+07
9.49897e+07
9.48419e+07
9.46944e+07
9.45471e+07
9.44001e+07
9.42532e+07
9.41066e+07
9.39603e+07
9.38141e+07
9.36682e+07
9.35225e+07
9.33771e+07
9.32319e+07
9.30868e+07
9.29421e+07
9.27975e+07
9.26532e+07
9.25091e+07
9.23652e+07
9.22215e+07
9.20781e+07
9.19349e+07
9.17919e+07
9.16491e+07
9.15066e+07
9.13643e+07
9.12222e+07
9.10803e+07
9.09386e+07
9.07972e+07
9.0656e+07
9.0515e+07
9.03742e+07
9.02336e+07
9.00933e+07
8.99531e+07
8.98132e+07
8.96735e+07
8.95341e+07
8.93948e+07
8.92558e+07
8.9117e+07
8.89784e+07
8.884e+07
8.87018e+07
8.85638e+07
8.84261e+07
8.82885e+07
8.81512e+07
8.80141e+07
8.78772e+07
8.77406e+07
8.76041e+07
8.74678e+07
8.73318e+07
8.7196e+07
8.70603e+07
8.69249e+07
8.67897e+07
8.66548e+07
8.652e+07
8.63854e+07
8.62511e+07
8.61169e+07
8.5983e+07
8.58492e+07
8.57157e+07
8.55824e+07
8.54493e+07
8.53164e+07
8.51837e+07
8.50512e+07
8.49189e+07
8.47868e+07
8.4655e+07
8.45233e+07
8.43918e+07
8.42606e+07
8.41295e+07
8.39987e+07
8.3868e+07
8.37376e+07
8.36073e+07
8.34773e+07
8.33475e+07
8.32178e+07
8.30884e+07
8.29592e+07
8.28302e+07
8.27013e+07
8.25727e+07
8.24443e+07
8.2316e+07
8.2188e+07
8.20602e+07
8.19325e+07
8.18051e+07
8.16779e+07
8.15508e+07
8.1424e+07
8.12974e+07
8.11709e+07
8.10447e+07
8.09186e+07
8.07928e+07
8.06671e+07
8.05416e+07
8.04164e+07
8.02913e+07
8.01664e+07
8.00417e+07
7.99172e+07
7.97929e+07
7.96688e+07
7.95449e+07
7.94212e+07
7.92977e+07
7.91743e+07
7.90512e+07
7.89283e+07
7.88055e+07
7.86829e+07
7.85605e+07
7.84384e+07
7.83164e+07
7.81946e+07
7.80729e+07
7.79515e+07
7.78303e+07
7.77092e+07
7.75884e+07
7.74677e+07
7.73472e+07
7.72269e+07
7.71068e+07
7.69868e+07
7.68671e+07
7.67476e+07
7.66282e+07
7.6509e+07
7.639e+07
7.62712e+07
7.61526e+07
7.60341e+07
7.59159e+07
7.57978e+07
7.56799e+07
7.55622e+07
7.54447e+07
7.53273e+07
7.52102e+07
7.50932e+07
7.49764e+07
7.48598e+07
7.47434e+07
7.46271e+07
7.4511e+07
7.43951e+07
7.42794e+07
7.41639e+07
7.40486e+07
7.39334e+07
7.38184e+07
7.37036e+07
7.35889e+07
7.34745e+07
7.33602e+07
7.32461e+07
7.31322e+07
7.30184e+07
7.29049e+07
7.27915e+07
7.26783e+07
7.25652e+07
7.24524e+07
7.23397e+07
7.22272e+07
7.21148e+07
7.20027e+07
7.18907e+07
7.17789e+07
7.16672e+07
7.15558e+07
7.14445e+07
7.13333e+07
7.12224e+07
7.11116e+07
7.1001e+07
7.08906e+07
7.07803e+07
7.06702e+07
7.05603e+07
7.04506e+07
7.0341e+07
7.02316e+07
7.01224e+07
7.00133e+07
6.99044e+07
6.97957e+07
6.96871e+07
6.95788e+07
6.94705e+07
6.93625e+07
6.92546e+07
6.91469e+07
6.90393e+07
6.8932e+07
6.88248e+07
6.87177e+07
6.86108e+07
6.85041e+07
6.83976e+07
6.82912e+07
6.8185e+07
6.80789e+07
6.7973e+07
6.78673e+07
6.77618e+07
6.76564e+07
6.75511e+07
6.74461e+07
6.73412e+07
6.72364e+07
6.71319e+07
6.70274e+07
6.69232e+07
6.68191e+07
6.67152e+07
6.66114e+07
6.65078e+07
6.64044e+07
6.63011e+07
6.6198e+07
6.6095e+07
6.59922e+07
6.58896e+07
6.57871e+07
6.56848e+07
6.55826e+07
6.54806e+07
6.53788e+07
6.52771e+07
6.51756e+07
6.50742e+07
6.4973e+07
6.48719e+07
6.4771e+07
6.46703e+07
6.45697e+07
6.44693e+07
6.4369e+07
6.42689e+07
6.41689e+07
6.40691e+07
6.39695e+07
6.387e+07
6.37706e+07
6.36714e+07
6.35724e+07
6.34735e+07
6.33748e+07
6.32763e+07
6.31778e+07
6.30796e+07
6.29815e+07
6.28835e+07
6.27857e+07
6.2688e+07
6.25905e+07
6.24932e+07
6.2396e+07
6.2299e+07
6.22021e+07
6.21053e+07
6.20087e+07
6.19123e+07
6.1816e+07
6.17198e+07
6.16238e+07
6.1528e+07
6.14323e+07
6.13368e+07
6.12414e+07
6.11461e+07
6.1051e+07
6.0956e+07
6.08612e+07
6.07666e+07
6.06721e+07
6.05777e+07
6.04835e+07
6.03894e+07
6.02955e+07
6.02017e+07
6.01081e+07
6.00146e+07
5.99212e+07
5.9828e+07
5.9735e+07
5.96421e+07
5.95493e+07
5.94567e+07
5.93642e+07
5.92719e+07
5.91797e+07
5.90877e+07
5.89958e+07
5.8904e+07
5.88124e+07
5.87209e+07
5.86296e+07
5.85384e+07
5.84474e+07
5.83564e+07
5.82657e+07
5.81751e+07
5.80846e+07
5.79942e+07
5.7904e+07
5.7814e+07
5.77241e+07
5.76343e+07
5.75446e+07
5.74551e+07
5.73658e+07
5.72766e+07
5.71875e+07
5.70985e+07
5.70097e+07
5.6921e+07
5.68325e+07
5.67441e+07
5.66559e+07
5.65677e+07
5.64798e+07
5.63919e+07
5.63042e+07
5.62166e+07
5.61292e+07
5.60419e+07
5.59547e+07
5.58677e+07
5.57808e+07
5.56941e+07
5.56074e+07
5.5521e+07
5.54346e+07
5.53484e+07
5.52623e+07
5.51763e+07
5.50905e+07
5.50048e+07
5.49193e+07
5.48339e+07
5.47486e+07
5.46634e+07
5.45784e+07
5.44935e+07
5.44088e+07
5.43241e+07
5.42397e+07
5.41553e+07
5.40711e+07
5.3987e+07
5.3903e+07
5.38192e+07
5.37355e+07
5.36519e+07
5.35684e+07
5.34851e+07
5.34019e+07
5.33189e+07
5.32359e+07
5.31531e+07
5.30705e+07
5.29879e+07
5.29055e+07
5.28232e+07
5.27411e+07
5.2659e+07
5.25771e+07
5.24954e+07
5.24137e+07
5.23322e+07
5.22508e+07
5.21695e+07
5.20884e+07
5.20074e+07
5.19265e+07
5.18457e+07
5.17651e+07
5.16846e+07
5.16042e+07
5.15239e+07
5.14438e+07
5.13638e+07
5.12839e+07
5.12041e+07
5.11245e+07
5.1045e+07
5.09656e+07
5.08863e+07
5.08072e+07
5.07281e+07
5.06492e+07
5.05705e+07
5.04918e+07
5.04133e+07
5.03349e+07
5.02566e+07
5.01784e+07
5.01004e+07
5.00225e+07
4.99447e+07
4.9867e+07
4.97894e+07
4.9712e+07
4.96347e+07
4.95575e+07
4.94804e+07
4.94034e+07
4.93266e+07
4.92499e+07
4.91733e+07
4.90968e+07
4.90204e+07
4.89442e+07
4.88681e+07
4.8792e+07
4.87162e+07
4.86404e+07
4.85647e+07
4.84892e+07
4.84138e+07
4.83385e+07
4.82633e+07
4.81882e+07
4.81133e+07
4.80385e+07
4.79637e+07
4.78891e+07
4.78147e+07
4.77403e+07
4.7666e+07
4.75919e+07
4.75179e+07
4.7444e+07
4.73702e+07
4.72965e+07
4.72229e+07
4.71495e+07
4.70762e+07
4.70029e+07
4.69298e+07
4.68568e+07
4.6784e+07
4.67112e+07
4.66386e+07
4.6566e+07
4.64936e+07
4.64213e+07
4.63491e+07
4.6277e+07
4.6205e+07
4.61331e+07
4.60614e+07
4.59898e+07
4.59182e+07
4.58468e+07
4.57755e+07
4.57043e+07
4.56332e+07
4.55622e+07
4.54914e+07
4.54206e+07
4.535e+07
4.52794e+07
4.5209e+07
4.51387e+07
4.50685e+07
4.49984e+07
4.49284e+07
4.48585e+07
4.47888e+07
4.47191e+07
4.46496e+07
4.45801e+07
4.45108e+07
4.44415e+07
4.43724e+07
4.43034e+07
4.42345e+07
4.41657e+07
4.4097e+07
4.40284e+07
4.39599e+07
4.38916e+07
4.38233e+07
4.37551e+07
4.36871e+07
4.36191e+07
4.35513e+07
4.34836e+07
4.34159e+07
4.33484e+07
4.3281e+07
4.32137e+07
4.31465e+07
4.30794e+07
4.30124e+07
4.29455e+07
4.28787e+07
4.2812e+07
4.27454e+07
4.26789e+07
4.26125e+07
4.25462e+07
4.24801e+07
4.2414e+07
4.2348e+07
4.22822e+07
4.22164e+07
4.21507e+07
4.20852e+07
4.20197e+07
4.19544e+07
4.18891e+07
4.1824e+07
4.17589e+07
4.1694e+07
4.16291e+07
4.15644e+07
4.14997e+07
4.14352e+07
4.13707e+07
4.13064e+07
4.12421e+07
4.1178e+07
4.1114e+07
4.105e+07
4.09862e+07
4.09224e+07
4.08588e+07
4.07952e+07
4.07318e+07
4.06684e+07
4.06052e+07
4.0542e+07
4.0479e+07
4.0416e+07
4.03531e+07
4.02904e+07
4.02277e+07
4.01651e+07
4.01027e+07
4.00403e+07
3.9978e+07
3.99158e+07
3.98538e+07
3.97918e+07
3.97299e+07
3.96681e+07
3.96064e+07
3.95448e+07
3.94833e+07
3.94219e+07
3.93606e+07
3.92993e+07
3.92382e+07
3.91772e+07
3.91163e+07
3.90554e+07
3.89947e+07
3.8934e+07
3.88735e+07
3.8813e+07
3.87526e+07
3.86924e+07
3.86322e+07
3.85721e+07
3.85121e+07
3.84522e+07
3.83924e+07
3.83327e+07
3.82731e+07
3.82135e+07
3.81541e+07
3.80948e+07
3.80355e+07
3.79764e+07
3.79173e+07
3.78583e+07
3.77994e+07
3.77406e+07
3.76819e+07
3.76233e+07
3.75648e+07
3.75064e+07
3.74481e+07
3.73898e+07
3.73317e+07
3.72736e+07
3.72156e+07
3.71577e+07
3.71e+07
3.70422e+07
3.69846e+07
3.69271e+07
3.68697e+07
3.68123e+07
3.67551e+07
3.66979e+07
3.66408e+07
3.65838e+07
3.65269e+07
3.64701e+07
3.64134e+07
3.63568e+07
3.63002e+07
3.62438e+07
3.61874e+07
3.61311e+07
3.60749e+07
3.60188e+07
3.59628e+07
3.59069e+07
3.5851e+07
3.57952e+07
3.57396e+07
3.5684e+07
3.56285e+07
3.55731e+07
3.55177e+07
3.54625e+07
3.54073e+07
3.53523e+07
3.52973e+07
3.52424e+07
3.51876e+07
3.51329e+07
3.50782e+07
3.50237e+07
3.49692e+07
3.49148e+07
3.48605e+07
3.48063e+07
3.47521e+07
3.46981e+07
3.46441e+07
3.45902e+07
3.45364e+07
3.44827e+07
3.44291e+07
3.43755e+07
3.43221e+07
3.42687e+07
3.42154e+07
3.41622e+07
3.4109e+07
3.4056e+07
3.4003e+07
3.39501e+07
3.38973e+07
3.38446e+07
3.3792e+07
3.37394e+07
3.36869e+07
3.36345e+07
3.35822e+07
3.353e+07
3.34778e+07
3.34258e+07
3.33738e+07
3.33219e+07
3.32701e+07
3.32183e+07
3.31666e+07
3.31151e+07
3.30636e+07
3.30121e+07
3.29608e+07
3.29095e+07
3.28583e+07
3.28072e+07
3.27562e+07
3.27053e+07
3.26544e+07
3.26036e+07
3.25529e+07
3.25023e+07
3.24517e+07
3.24012e+07
3.23508e+07
3.23005e+07
3.22503e+07
3.22001e+07
3.215e+07
3.21e+07
3.20501e+07
3.20003e+07
3.19505e+07
3.19008e+07
3.18512e+07
3.18016e+07
3.17522e+07
3.17028e+07
3.16535e+07
3.16043e+07
3.15551e+07
3.1506e+07
3.1457e+07
3.14081e+07
3.13592e+07
3.13105e+07
3.12618e+07
3.12131e+07
3.11646e+07
3.11161e+07
3.10677e+07
3.10194e+07
3.09712e+07
3.0923e+07
3.08749e+07
3.08269e+07
3.07789e+07
3.07311e+07
3.06833e+07
3.06355e+07
3.05879e+07
3.05403e+07
3.04928e+07
3.04454e+07
3.0398e+07
3.03508e+07
3.03036e+07
3.02564e+07
3.02094e+07
3.01624e+07
3.01155e+07
3.00686e+07
3.00219e+07
2.99752e+07
2.99285e+07
2.9882e+07
2.98355e+07
2.97891e+07
2.97428e+07
2.96965e+07
2.96503e+07
2.96042e+07
2.95582e+07
2.95122e+07
2.94663e+07
2.94205e+07
2.93747e+07
2.9329e+07
2.92834e+07
2.92379e+07
2.91924e+07
2.9147e+07
2.91017e+07
2.90564e+07
2.90112e+07
2.89661e+07
2.8921e+07
2.8876e+07
2.88311e+07
2.87863e+07
2.87415e+07
2.86968e+07
2.86522e+07
2.86076e+07
2.85631e+07
2.85187e+07
2.84743e+07
2.84301e+07
2.83858e+07
2.83417e+07
2.82976e+07
2.82536e+07
2.82096e+07
2.81658e+07
2.8122e+07
2.80782e+07
2.80346e+07
2.7991e+07
2.79474e+07
2.79039e+07
2.78605e+07
2.78172e+07
2.7774e+07
2.77308e+07
2.76876e+07
2.76446e+07
2.76016e+07
2.75586e+07
2.75158e+07
2.7473e+07
2.74302e+07
2.73876e+07
2.7345e+07
2.73025e+07
2.726e+07
2.72176e+07
2.71753e+07
2.7133e+07
2.70908e+07
2.70487e+07
2.70066e+07
2.69646e+07
2.69226e+07
2.68808e+07
2.6839e+07
2.67972e+07
2.67555e+07
2.67139e+07
2.66724e+07
2.66309e+07
2.65895e+07
2.65481e+07
2.65068e+07
2.64656e+07
2.64244e+07
2.63833e+07
2.63423e+07
2.63013e+07
2.62604e+07
2.62196e+07
2.61788e+07
2.61381e+07
2.60974e+07
2.60568e+07
2.60163e+07
2.59758e+07
2.59354e+07
2.58951e+07
2.58548e+07
2.58146e+07
2.57745e+07
2.57344e+07
2.56944e+07
2.56544e+07
2.56145e+07
2.55747e+07
2.55349e+07
2.54952e+07
2.54555e+07
2.54159e+07
2.53764e+07
2.53369e+07
2.52975e+07
2.52582e+07
2.52189e+07
2.51797e+07
2.51405e+07
2.51014e+07
2.50624e+07
2.50234e+07
2.49845e+07
2.49456e+07
2.49068e+07
2.48681e+07
2.48294e+07
2.47908e+07
2.47522e+07
2.47137e+07
2.46753e+07
2.46369e+07
2.45986e+07
2.45603e+07
2.45221e+07
2.4484e+07
2.44459e+07
2.44079e+07
2.43699e+07
2.4332e+07
2.42942e+07
2.42564e+07
2.42186e+07
2.4181e+07
2.41434e+07
2.41058e+07
2.40683e+07
2.40309e+07
2.39935e+07
2.39562e+07
2.39189e+07
2.38817e+07
2.38446e+07
2.38075e+07
2.37705e+07
2.37335e+07
2.36966e+07
2.36597e+07
2.36229e+07
2.35862e+07
2.35495e+07
2.35129e+07
2.34763e+07
2.34398e+07
2.34033e+07
2.33669e+07
2.33306e+07
2.32943e+07
2.32581e+07
2.32219e+07
2.31858e+07
2.31497e+07
2.31137e+07
2.30778e+07
2.30419e+07
2.3006e+07
2.29703e+07
2.29345e+07
2.28989e+07
2.28632e+07
2.28277e+07
2.27922e+07
2.27567e+07
2.27213e+07
2.2686e+07
2.26507e+07
2.26155e+07
2.25803e+07
2.25452e+07
2.25101e+07
2.24751e+07
2.24402e+07
2.24053e+07
2.23704e+07
2.23356e+07
2.23009e+07
2.22662e+07
2.22316e+07
2.2197e+07
2.21625e+07
2.2128e+07
2.20936e+07
2.20592e+07
2.20249e+07
2.19906e+07
2.19564e+07
2.19223e+07
2.18882e+07
2.18542e+07
2.18202e+07
2.17862e+07
2.17523e+07
2.17185e+07
2.16847e+07
2.1651e+07
2.16173e+07
2.15837e+07
2.15501e+07
2.15166e+07
2.14832e+07
2.14497e+07
2.14164e+07
2.13831e+07
2.13498e+07
2.13166e+07
2.12834e+07
2.12503e+07
2.12173e+07
2.11843e+07
2.11513e+07
2.11184e+07
2.10856e+07
2.10528e+07
2.10201e+07
2.09874e+07
2.09547e+07
2.09221e+07
2.08896e+07
2.08571e+07
2.08247e+07
2.07923e+07
2.07599e+07
2.07276e+07
2.06954e+07
2.06632e+07
2.06311e+07
2.0599e+07
2.0567e+07
2.0535e+07
2.0503e+07
2.04711e+07
2.04393e+07
2.04075e+07
2.03758e+07
2.03441e+07
2.03124e+07
2.02808e+07
2.02493e+07
2.02178e+07
2.01864e+07
2.0155e+07
2.01236e+07
2.00923e+07
2.00611e+07
2.00299e+07
1.99987e+07
1.99676e+07
1.99366e+07
1.99055e+07
1.98746e+07
1.98437e+07
1.98128e+07
1.9782e+07
1.97512e+07
1.97205e+07
1.96898e+07
1.96592e+07
1.96286e+07
1.95981e+07
1.95676e+07
1.95372e+07
1.95068e+07
1.94765e+07
1.94462e+07
1.94159e+07
1.93857e+07
1.93556e+07
1.93255e+07
1.92954e+07
1.92654e+07
1.92354e+07
1.92055e+07
1.91757e+07
1.91458e+07
1.9116e+07
1.90863e+07
1.90566e+07
1.9027e+07
1.89974e+07
1.89679e+07
1.89384e+07
1.89089e+07
1.88795e+07
1.88501e+07
1.88208e+07
1.87915e+07
1.87623e+07
1.87331e+07
1.8704e+07
1.86749e+07
1.86458e+07
1.86168e+07
1.85879e+07
1.8559e+07
1.85301e+07
1.85013e+07
1.84725e+07
1.84438e+07
1.84151e+07
1.83865e+07
1.83579e+07
1.83293e+07
1.83008e+07
1.82723e+07
1.82439e+07
1.82155e+07
1.81872e+07
1.81589e+07
1.81307e+07
1.81025e+07
1.80743e+07
1.80462e+07
1.80182e+07
1.79901e+07
1.79621e+07
1.79342e+07
1.79063e+07
1.78785e+07
1.78507e+07
1.78229e+07
1.77952e+07
1.77675e+07
1.77399e+07
1.77123e+07
1.76847e+07
1.76572e+07
1.76298e+07
1.76023e+07
1.7575e+07
1.75476e+07
1.75203e+07
1.74931e+07
1.74659e+07
1.74387e+07
1.74116e+07
1.73845e+07
1.73575e+07
1.73305e+07
1.73035e+07
1.72766e+07
1.72497e+07
1.72229e+07
1.71961e+07
1.71694e+07
1.71427e+07
1.7116e+07
1.70894e+07
1.70628e+07
1.70363e+07
1.70098e+07
1.69833e+07
1.69569e+07
1.69305e+07
1.69042e+07
1.68779e+07
1.68516e+07
1.68254e+07
1.67993e+07
1.67731e+07
1.6747e+07
1.6721e+07
1.6695e+07
1.6669e+07
1.66431e+07
1.66172e+07
1.65914e+07
1.65656e+07
1.65398e+07
1.65141e+07
1.64884e+07
1.64627e+07
1.64371e+07
1.64116e+07
1.63861e+07
1.63606e+07
1.63351e+07
1.63097e+07
1.62843e+07
1.6259e+07
1.62337e+07
1.62085e+07
1.61833e+07
1.61581e+07
1.6133e+07
1.61079e+07
1.60828e+07
1.60578e+07
1.60328e+07
1.60079e+07
1.5983e+07
1.59581e+07
1.59333e+07
1.59085e+07
1.58838e+07
1.58591e+07
1.58344e+07
1.58098e+07
1.57852e+07
1.57607e+07
1.57361e+07
1.57117e+07
1.56872e+07
1.56628e+07
1.56385e+07
1.56142e+07
1.55899e+07
1.55656e+07
1.55414e+07
1.55172e+07
1.54931e+07
1.5469e+07
1.54449e+07
1.54209e+07
1.53969e+07
1.5373e+07
1.53491e+07
1.53252e+07
1.53014e+07
1.52776e+07
1.52538e+07
1.52301e+07
1.52064e+07
1.51827e+07
1.51591e+07
1.51356e+07
1.5112e+07
1.50885e+07
1.5065e+07
1.50416e+07
1.50182e+07
1.49949e+07
1.49715e+07
1.49483e+07
1.4925e+07
1.49018e+07
1.48786e+07
1.48555e+07
1.48324e+07
1.48093e+07
1.47863e+07
1.47633e+07
1.47403e+07
1.47174e+07
1.46945e+07
1.46716e+07
1.46488e+07
1.4626e+07
1.46033e+07
1.45806e+07
1.45579e+07
1.45352e+07
1.45126e+07
1.44901e+07
1.44675e+07
1.4445e+07
1.44226e+07
1.44001e+07
1.43777e+07
1.43554e+07
1.4333e+07
1.43108e+07
1.42885e+07
1.42663e+07
1.42441e+07
1.42219e+07
1.41998e+07
1.41777e+07
1.41557e+07
1.41337e+07
1.41117e+07
1.40897e+07
1.40678e+07
1.40459e+07
1.40241e+07
1.40023e+07
1.39805e+07
1.39588e+07
1.3937e+07
1.39154e+07
1.38937e+07
1.38721e+07
1.38505e+07
1.3829e+07
1.38075e+07
1.3786e+07
1.37646e+07
1.37432e+07
1.37218e+07
1.37004e+07
1.36791e+07
1.36579e+07
1.36366e+07
1.36154e+07
1.35942e+07
1.35731e+07
1.3552e+07
1.35309e+07
1.35099e+07
1.34888e+07
1.34679e+07
1.34469e+07
1.3426e+07
1.34051e+07
1.33843e+07
1.33635e+07
1.33427e+07
1.33219e+07
1.33012e+07
1.32805e+07
1.32598e+07
1.32392e+07
1.32186e+07
1.31981e+07
1.31775e+07
1.31571e+07
1.31366e+07
1.31162e+07
1.30958e+07
1.30754e+07
1.30551e+07
1.30347e+07
1.30145e+07
1.29942e+07
1.2974e+07
1.29538e+07
1.29337e+07
1.29136e+07
1.28935e+07
1.28734e+07
1.28534e+07
1.28334e+07
1.28135e+07
1.27935e+07
1.27736e+07
1.27538e+07
1.27339e+07
1.27141e+07
1.26944e+07
1.26746e+07
1.26549e+07
1.26352e+07
1.26156e+07
1.25959e+07
1.25764e+07
1.25568e+07
1.25373e+07
1.25178e+07
1.24983e+07
1.24789e+07
1.24594e+07
1.24401e+07
1.24207e+07
1.24014e+07
1.23821e+07
1.23629e+07
1.23436e+07
1.23244e+07
1.23053e+07
1.22861e+07
1.2267e+07
1.22479e+07
1.22289e+07
1.22099e+07
1.21909e+07
1.21719e+07
1.2153e+07
1.21341e+07
1.21152e+07
1.20964e+07
1.20775e+07
1.20588e+07
1.204e+07
1.20213e+07
1.20026e+07
1.19839e+07
1.19653e+07
1.19467e+07
1.19281e+07
1.19095e+07
1.1891e+07
1.18725e+07
1.18541e+07
1.18356e+07
1.18172e+07
1.17988e+07
1.17805e+07
1.17622e+07
1.17439e+07
1.17256e+07
1.17074e+07
1.16891e+07
1.1671e+07
1.16528e+07
1.16347e+07
1.16166e+07
1.15985e+07
1.15805e+07
1.15625e+07
1.15445e+07
1.15265e+07
1.15086e+07
1.14907e+07
1.14728e+07
1.1455e+07
1.14372e+07
1.14194e+07
1.14016e+07
1.13839e+07
1.13662e+07
1.13485e+07
1.13309e+07
1.13132e+07
1.12956e+07
1.12781e+07
1.12605e+07
1.1243e+07
1.12255e+07
1.12081e+07
1.11906e+07
1.11732e+07
1.11559e+07
1.11385e+07
1.11212e+07
1.11039e+07
1.10866e+07
1.10694e+07
1.10522e+07
1.1035e+07
1.10178e+07
1.10007e+07
1.09836e+07
1.09665e+07
1.09494e+07
1.09324e+07
1.09154e+07
1.08984e+07
1.08815e+07
1.08645e+07
1.08476e+07
1.08308e+07
1.08139e+07
1.07971e+07
1.07803e+07
1.07635e+07
1.07468e+07
1.07301e+07
1.07134e+07
1.06967e+07
1.06801e+07
1.06635e+07
1.06469e+07
1.06303e+07
1.06138e+07
1.05973e+07
1.05808e+07
1.05644e+07
1.05479e+07
1.05315e+07
1.05151e+07
1.04988e+07
1.04825e+07
1.04661e+07
1.04499e+07
1.04336e+07
1.04174e+07
1.04012e+07
1.0385e+07
1.03689e+07
1.03527e+07
1.03366e+07
1.03206e+07
1.03045e+07
1.02885e+07
1.02725e+07
1.02565e+07
1.02405e+07
1.02246e+07
1.02087e+07
1.01928e+07
1.0177e+07
1.01612e+07
1.01453e+07
1.01296e+07
1.01138e+07
1.00981e+07
1.00824e+07
1.00667e+07
1.0051e+07
1.00354e+07
1.00198e+07
1.00042e+07
9.98865e+06
9.97312e+06
9.95761e+06
9.94212e+06
9.92666e+06
9.91122e+06
9.8958e+06
9.88041e+06
9.86504e+06
9.8497e+06
9.83438e+06
9.81909e+06
9.80381e+06
9.78856e+06
9.77334e+06
9.75814e+06
9.74296e+06
9.72781e+06
9.71268e+06
9.69757e+06
9.68249e+06
9.66743e+06
9.65239e+06
9.63738e+06
9.62239e+06
9.60743e+06
9.59248e+06
9.57756e+06
9.56267e+06
9.54779e+06
9.53294e+06
9.51812e+06
9.50331e+06
9.48853e+06
9.47378e+06
9.45904e+06
9.44433e+06
9.42964e+06
9.41497e+06
9.40033e+06
9.38571e+06
9.37111e+06
9.35654e+06
9.34198e+06
9.32745e+06
9.31295e+06
9.29846e+06
9.284e+06
9.26956e+06
9.25514e+06
9.24075e+06
9.22638e+06
9.21203e+06
9.1977e+06
9.18339e+06
9.16911e+06
9.15485e+06
9.14061e+06
9.12639e+06
9.1122e+06
9.09803e+06
9.08387e+06
9.06975e+06
9.05564e+06
9.04156e+06
9.02749e+06
9.01345e+06
8.99943e+06
8.98544e+06
8.97146e+06
8.95751e+06
8.94358e+06
8.92966e+06
8.91578e+06
8.90191e+06
8.88806e+06
8.87424e+06
8.86044e+06
8.84666e+06
8.8329e+06
8.81916e+06
8.80544e+06
8.79175e+06
8.77807e+06
8.76442e+06
8.75079e+06
8.73718e+06
8.72359e+06
8.71002e+06
8.69647e+06
8.68295e+06
8.66944e+06
8.65596e+06
8.6425e+06
8.62905e+06
8.61563e+06
8.60223e+06
8.58885e+06
8.5755e+06
8.56216e+06
8.54884e+06
8.53554e+06
8.52227e+06
8.50901e+06
8.49578e+06
8.48257e+06
8.46937e+06
8.4562e+06
8.44305e+06
8.42992e+06
8.4168e+06
8.40371e+06
8.39064e+06
8.37759e+06
8.36456e+06
8.35155e+06
8.33856e+06
8.32559e+06
8.31265e+06
8.29972e+06
8.28681e+06
8.27392e+06
8.26105e+06
8.2482e+06
8.23537e+06
8.22256e+06
8.20978e+06
8.19701e+06
8.18426e+06
8.17153e+06
8.15882e+06
8.14613e+06
8.13346e+06
8.12081e+06
8.10818e+06
8.09557e+06
8.08298e+06
8.0704e+06
8.05785e+06
8.04532e+06
8.03281e+06
8.02031e+06
8.00784e+06
7.99538e+06
7.98295e+06
7.97053e+06
7.95814e+06
7.94576e+06
7.9334e+06
7.92106e+06
7.90874e+06
7.89644e+06
7.88416e+06
7.8719e+06
7.85965e+06
7.84743e+06
7.83522e+06
7.82304e+06
7.81087e+06
7.79872e+06
7.78659e+06
7.77448e+06
7.76239e+06
7.75032e+06
7.73826e+06
7.72623e+06
7.71421e+06
7.70221e+06
7.69023e+06
7.67827e+06
7.66633e+06
7.6544e+06
7.6425e+06
7.63061e+06
7.61874e+06
7.60689e+06
7.59506e+06
7.58325e+06
7.57146e+06
7.55968e+06
7.54792e+06
7.53618e+06
7.52446e+06
7.51276e+06
7.50107e+06
7.48941e+06
7.47776e+06
7.46613e+06
7.45452e+06
7.44292e+06
7.43135e+06
7.41979e+06
7.40825e+06
7.39672e+06
7.38522e+06
7.37373e+06
7.36226e+06
7.35081e+06
7.33938e+06
7.32797e+06
7.31657e+06
7.30519e+06
7.29383e+06
7.28248e+06
7.27116e+06
7.25985e+06
7.24856e+06
7.23728e+06
7.22603e+06
7.21479e+06
7.20356e+06
7.19236e+06
7.18117e+06
7.17001e+06
7.15885e+06
7.14772e+06
7.1366e+06
7.1255e+06
7.11442e+06
7.10335e+06
7.09231e+06
7.08128e+06
7.07026e+06
7.05927e+06
7.04829e+06
7.03732e+06
7.02638e+06
7.01545e+06
7.00454e+06
6.99364e+06
6.98277e+06
6.97191e+06
6.96106e+06
6.95024e+06
6.93943e+06
6.92863e+06
6.91786e+06
6.9071e+06
6.89635e+06
6.88563e+06
6.87492e+06
6.86423e+06
6.85355e+06
6.84289e+06
6.83225e+06
6.82162e+06
6.81101e+06
6.80042e+06
6.78984e+06
6.77928e+06
6.76874e+06
6.75821e+06
6.7477e+06
6.7372e+06
6.72672e+06
6.71626e+06
6.70582e+06
6.69539e+06
6.68497e+06
6.67457e+06
6.66419e+06
6.65383e+06
6.64348e+06
6.63315e+06
6.62283e+06
6.61253e+06
6.60224e+06
6.59198e+06
6.58172e+06
6.57149e+06
6.56127e+06
6.55106e+06
6.54087e+06
6.5307e+06
6.52054e+06
6.5104e+06
6.50027e+06
6.49016e+06
6.48007e+06
6.46999e+06
6.45993e+06
6.44988e+06
6.43985e+06
6.42983e+06
6.41983e+06
6.40985e+06
6.39988e+06
6.38992e+06
6.37999e+06
6.37006e+06
6.36015e+06
6.35026e+06
6.34039e+06
6.33052e+06
6.32068e+06
6.31085e+06
6.30103e+06
6.29123e+06
6.28145e+06
6.27168e+06
6.26192e+06
6.25218e+06
6.24246e+06
6.23275e+06
6.22306e+06
6.21338e+06
6.20371e+06
6.19406e+06
6.18443e+06
6.17481e+06
6.16521e+06
6.15562e+06
6.14604e+06
6.13649e+06
6.12694e+06
6.11741e+06
6.1079e+06
6.0984e+06
6.08891e+06
6.07944e+06
6.06999e+06
6.06055e+06
6.05112e+06
6.04171e+06
6.03231e+06
6.02293e+06
6.01356e+06
6.00421e+06
5.99487e+06
5.98555e+06
5.97624e+06
5.96694e+06
5.95766e+06
5.94839e+06
5.93914e+06
5.92991e+06
5.92068e+06
5.91147e+06
5.90228e+06
5.8931e+06
5.88393e+06
5.87478e+06
5.86565e+06
5.85652e+06
5.84741e+06
5.83832e+06
5.82924e+06
5.82017e+06
5.81112e+06
5.80208e+06
5.79306e+06
5.78405e+06
5.77505e+06
5.76607e+06
5.7571e+06
5.74815e+06
5.73921e+06
5.73028e+06
5.72137e+06
5.71247e+06
5.70358e+06
5.69471e+06
5.68586e+06
5.67701e+06
5.66818e+06
5.65937e+06
5.65056e+06
5.64178e+06
5.633e+06
5.62424e+06
5.61549e+06
5.60676e+06
5.59804e+06
5.58933e+06
5.58064e+06
5.57196e+06
5.56329e+06
5.55464e+06
5.546e+06
5.53737e+06
5.52876e+06
5.52016e+06
5.51158e+06
5.50301e+06
5.49445e+06
5.4859e+06
5.47737e+06
5.46885e+06
5.46034e+06
5.45185e+06
5.44337e+06
5.4349e+06
5.42645e+06
5.41801e+06
5.40958e+06
5.40117e+06
5.39277e+06
5.38438e+06
5.37601e+06
5.36765e+06
5.3593e+06
5.35096e+06
5.34264e+06
5.33433e+06
5.32603e+06
5.31775e+06
5.30948e+06
5.30122e+06
5.29298e+06
5.28474e+06
5.27652e+06
5.26832e+06
5.26012e+06
5.25194e+06
5.24377e+06
5.23562e+06
5.22748e+06
5.21935e+06
5.21123e+06
5.20312e+06
5.19503e+06
5.18695e+06
5.17888e+06
5.17083e+06
5.16278e+06
5.15476e+06
5.14674e+06
5.13873e+06
5.13074e+06
5.12276e+06
5.11479e+06
5.10684e+06
5.09889e+06
5.09096e+06
5.08305e+06
5.07514e+06
5.06725e+06
5.05937e+06
5.0515e+06
5.04364e+06
5.0358e+06
5.02796e+06
5.02014e+06
5.01233e+06
5.00454e+06
4.99676e+06
4.98898e+06
4.98122e+06
4.97348e+06
4.96574e+06
4.95802e+06
4.95031e+06
4.94261e+06
4.93492e+06
4.92724e+06
4.91958e+06
4.91193e+06
4.90429e+06
4.89666e+06
4.88905e+06
4.88144e+06
4.87385e+06
4.86627e+06
4.8587e+06
4.85114e+06
4.8436e+06
4.83607e+06
4.82854e+06
4.82103e+06
4.81354e+06
4.80605e+06
4.79857e+06
4.79111e+06
4.78366e+06
4.77622e+06
4.76879e+06
4.76137e+06
4.75397e+06
4.74657e+06
4.73919e+06
4.73182e+06
4.72446e+06
4.71711e+06
4.70978e+06
4.70245e+06
4.69514e+06
4.68783e+06
4.68054e+06
4.67326e+06
4.66599e+06
4.65874e+06
4.65149e+06
4.64426e+06
4.63703e+06
4.62982e+06
4.62262e+06
4.61543e+06
4.60825e+06
4.60108e+06
4.59393e+06
4.58678e+06
4.57965e+06
4.57253e+06
4.56541e+06
4.55831e+06
4.55122e+06
4.54415e+06
4.53708e+06
4.53002e+06
4.52298e+06
4.51594e+06
4.50892e+06
4.5019e+06
4.4949e+06
4.48791e+06
4.48093e+06
4.47396e+06
4.467e+06
4.46006e+06
4.45312e+06
4.44619e+06
4.43928e+06
4.43237e+06
4.42548e+06
4.4186e+06
4.41172e+06
4.40486e+06
4.39801e+06
4.39117e+06
4.38434e+06
4.37752e+06
4.37071e+06
4.36392e+06
4.35713e+06
4.35035e+06
4.34359e+06
4.33683e+06
4.33008e+06
4.32335e+06
4.31663e+06
4.30991e+06
4.30321e+06
4.29652e+06
4.28983e+06
4.28316e+06
4.2765e+06
4.26985e+06
4.26321e+06
4.25658e+06
4.24996e+06
4.24335e+06
4.23675e+06
4.23016e+06
4.22358e+06
4.21701e+06
4.21045e+06
4.2039e+06
4.19736e+06
4.19083e+06
4.18432e+06
4.17781e+06
4.17131e+06
4.16482e+06
4.15834e+06
4.15188e+06
4.14542e+06
4.13897e+06
4.13253e+06
4.12611e+06
4.11969e+06
4.11328e+06
4.10688e+06
4.1005e+06
4.09412e+06
4.08775e+06
4.08139e+06
4.07505e+06
4.06871e+06
4.06238e+06
4.05606e+06
4.04975e+06
4.04345e+06
4.03716e+06
4.03089e+06
4.02462e+06
4.01836e+06
4.01211e+06
4.00587e+06
3.99964e+06
3.99342e+06
3.9872e+06
3.981e+06
3.97481e+06
3.96863e+06
3.96246e+06
3.95629e+06
3.95014e+06
3.944e+06
3.93786e+06
3.93174e+06
3.92562e+06
3.91952e+06
3.91342e+06
3.90733e+06
3.90126e+06
3.89519e+06
3.88913e+06
3.88308e+06
3.87704e+06
3.87101e+06
3.86499e+06
3.85898e+06
3.85298e+06
3.84699e+06
3.841e+06
3.83503e+06
3.82906e+06
3.82311e+06
3.81716e+06
3.81123e+06
3.8053e+06
3.79938e+06
3.79347e+06
3.78757e+06
3.78168e+06
3.7758e+06
3.76992e+06
3.76406e+06
3.75821e+06
3.75236e+06
3.74652e+06
3.7407e+06
3.73488e+06
3.72907e+06
3.72327e+06
3.71748e+06
3.7117e+06
3.70593e+06
3.70016e+06
3.69441e+06
3.68866e+06
3.68292e+06
3.6772e+06
3.67148e+06
3.66577e+06
3.66006e+06
3.65437e+06
3.64869e+06
3.64301e+06
3.63735e+06
3.63169e+06
3.62604e+06
3.6204e+06
3.61477e+06
3.60915e+06
3.60353e+06
3.59793e+06
3.59233e+06
3.58675e+06
3.58117e+06
3.5756e+06
3.57004e+06
3.56448e+06
3.55894e+06
3.55341e+06
3.54788e+06
3.54236e+06
3.53685e+06
3.53135e+06
3.52586e+06
3.52037e+06
3.5149e+06
3.50943e+06
3.50397e+06
3.49852e+06
3.49308e+06
3.48765e+06
3.48222e+06
3.47681e+06
3.4714e+06
3.466e+06
3.46061e+06
3.45523e+06
3.44985e+06
3.44449e+06
3.43913e+06
3.43378e+06
3.42844e+06
3.42311e+06
3.41779e+06
3.41247e+06
3.40716e+06
3.40186e+06
3.39657e+06
3.39129e+06
3.38601e+06
3.38075e+06
3.37549e+06
3.37024e+06
3.365e+06
3.35976e+06
3.35454e+06
3.34932e+06
3.34411e+06
3.33891e+06
3.33372e+06
3.32853e+06
3.32336e+06
3.31819e+06
3.31303e+06
3.30787e+06
3.30273e+06
3.29759e+06
3.29246e+06
3.28734e+06
3.28223e+06
3.27712e+06
3.27203e+06
3.26694e+06
3.26186e+06
3.25678e+06
3.25172e+06
3.24666e+06
3.24161e+06
3.23657e+06
3.23154e+06
3.22651e+06
3.22149e+06
3.21648e+06
3.21148e+06
3.20648e+06
3.2015e+06
3.19652e+06
3.19154e+06
3.18658e+06
3.18162e+06
3.17668e+06
3.17174e+06
3.1668e+06
3.16188e+06
3.15696e+06
3.15205e+06
3.14715e+06
3.14225e+06
3.13736e+06
3.13249e+06
3.12761e+06
3.12275e+06
3.11789e+06
3.11304e+06
3.1082e+06
3.10337e+06
3.09854e+06
3.09372e+06
3.08891e+06
3.0841e+06
3.07931e+06
3.07452e+06
3.06974e+06
3.06496e+06
3.06019e+06
3.05544e+06
3.05068e+06
3.04594e+06
3.0412e+06
3.03647e+06
3.03175e+06
3.02703e+06
3.02232e+06
3.01762e+06
3.01293e+06
3.00824e+06
3.00357e+06
2.99889e+06
2.99423e+06
2.98957e+06
2.98492e+06
2.98028e+06
2.97564e+06
2.97102e+06
2.9664e+06
2.96178e+06
2.95718e+06
2.95258e+06
2.94798e+06
2.9434e+06
2.93882e+06
2.93425e+06
2.92969e+06
2.92513e+06
2.92058e+06
2.91604e+06
2.9115e+06
2.90697e+06
2.90245e+06
2.89794e+06
2.89343e+06
2.88893e+06
2.88444e+06
2.87995e+06
2.87547e+06
2.871e+06
2.86653e+06
2.86208e+06
2.85762e+06
2.85318e+06
2.84874e+06
2.84431e+06
2.83989e+06
2.83547e+06
2.83106e+06
2.82666e+06
2.82226e+06
2.81787e+06
2.81349e+06
2.80911e+06
2.80474e+06
2.80038e+06
2.79603e+06
2.79168e+06
2.78734e+06
2.783e+06
2.77867e+06
2.77435e+06
2.77004e+06
2.76573e+06
2.76143e+06
2.75713e+06
2.75284e+06
2.74856e+06
2.74429e+06
2.74002e+06
2.73576e+06
2.7315e+06
2.72725e+06
2.72301e+06
2.71878e+06
2.71455e+06
2.71032e+06
2.70611e+06
2.7019e+06
2.6977e+06
2.6935e+06
2.68931e+06
2.68513e+06
2.68095e+06
2.67678e+06
2.67262e+06
2.66846e+06
2.66431e+06
2.66017e+06
2.65603e+06
2.6519e+06
2.64778e+06
2.64366e+06
2.63955e+06
2.63544e+06
2.63134e+06
2.62725e+06
2.62316e+06
2.61908e+06
2.61501e+06
2.61094e+06
2.60688e+06
2.60283e+06
2.59878e+06
2.59474e+06
2.5907e+06
2.58667e+06
2.58265e+06
2.57863e+06
2.57462e+06
2.57062e+06
2.56662e+06
2.56263e+06
2.55864e+06
2.55466e+06
2.55069e+06
2.54672e+06
2.54276e+06
2.53881e+06
2.53486e+06
2.53091e+06
2.52698e+06
2.52305e+06
2.51912e+06
2.51521e+06
2.51129e+06
2.50739e+06
2.50349e+06
2.49959e+06
2.49571e+06
2.49182e+06
2.48795e+06
2.48408e+06
2.48022e+06
2.47636e+06
2.47251e+06
2.46866e+06
2.46482e+06
2.46099e+06
2.45716e+06
2.45334e+06
2.44952e+06
2.44571e+06
2.44191e+06
2.43811e+06
2.43432e+06
2.43053e+06
2.42675e+06
2.42298e+06
2.41921e+06
2.41545e+06
2.41169e+06
2.40794e+06
2.40419e+06
2.40046e+06
2.39672e+06
2.39299e+06
2.38927e+06
2.38556e+06
2.38185e+06
2.37814e+06
2.37444e+06
2.37075e+06
2.36706e+06
2.36338e+06
2.3597e+06
2.35603e+06
2.35237e+06
2.34871e+06
2.34506e+06
2.34141e+06
2.33777e+06
2.33413e+06
2.3305e+06
2.32688e+06
2.32326e+06
2.31965e+06
2.31604e+06
2.31244e+06
2.30884e+06
2.30525e+06
2.30166e+06
2.29808e+06
2.29451e+06
2.29094e+06
2.28738e+06
2.28382e+06
2.28027e+06
2.27672e+06
2.27318e+06
2.26964e+06
2.26611e+06
2.26259e+06
2.25907e+06
2.25556e+06
2.25205e+06
2.24855e+06
2.24505e+06
2.24156e+06
2.23807e+06
2.23459e+06
2.23111e+06
2.22764e+06
2.22418e+06
2.22072e+06
2.21727e+06
2.21382e+06
2.21037e+06
2.20694e+06
2.2035e+06
2.20008e+06
2.19666e+06
2.19324e+06
2.18983e+06
2.18642e+06
2.18302e+06
2.17963e+06
2.17624e+06
2.17285e+06
2.16947e+06
2.1661e+06
2.16273e+06
2.15936e+06
2.15601e+06
2.15265e+06
2.1493e+06
2.14596e+06
2.14262e+06
2.13929e+06
2.13596e+06
2.13264e+06
2.12932e+06
2.12601e+06
2.12271e+06
2.11941e+06
2.11611e+06
2.11282e+06
2.10953e+06
2.10625e+06
2.10297e+06
2.0997e+06
2.09644e+06
2.09318e+06
2.08992e+06
2.08667e+06
2.08343e+06
2.08019e+06
2.07695e+06
2.07372e+06
2.07049e+06
2.06727e+06
2.06406e+06
2.06085e+06
2.05764e+06
2.05444e+06
2.05125e+06
2.04806e+06
2.04487e+06
2.04169e+06
2.03852e+06
2.03535e+06
2.03218e+06
2.02902e+06
2.02586e+06
2.02271e+06
2.01957e+06
2.01643e+06
2.01329e+06
2.01016e+06
2.00703e+06
2.00391e+06
2.00079e+06
1.99768e+06
1.99457e+06
1.99147e+06
1.98837e+06
1.98528e+06
1.98219e+06
1.97911e+06
1.97603e+06
1.97296e+06
1.96989e+06
1.96683e+06
1.96377e+06
1.96071e+06
1.95766e+06
1.95462e+06
1.95158e+06
1.94854e+06
1.94551e+06
1.94249e+06
1.93947e+06
1.93645e+06
1.93344e+06
1.93043e+06
1.92743e+06
1.92443e+06
1.92144e+06
1.91845e+06
1.91547e+06
1.91249e+06
1.90951e+06
1.90654e+06
1.90358e+06
1.90062e+06
1.89766e+06
1.89471e+06
1.89176e+06
1.88882e+06
1.88588e+06
1.88295e+06
1.88002e+06
1.8771e+06
1.87418e+06
1.87126e+06
1.86835e+06
1.86544e+06
1.86254e+06
1.85965e+06
1.85675e+06
1.85387e+06
1.85098e+06
1.8481e+06
1.84523e+06
1.84236e+06
1.83949e+06
1.83663e+06
1.83378e+06
1.83092e+06
1.82808e+06
1.82523e+06
1.82239e+06
1.81956e+06
1.81673e+06
1.8139e+06
1.81108e+06
1.80827e+06
1.80545e+06
1.80265e+06
1.79984e+06
1.79704e+06
1.79425e+06
1.79146e+06
1.78867e+06
1.78589e+06
1.78311e+06
1.78034e+06
1.77757e+06
1.7748e+06
1.77204e+06
1.76929e+06
1.76654e+06
1.76379e+06
1.76105e+06
1.75831e+06
1.75557e+06
1.75284e+06
1.75011e+06
1.74739e+06
1.74467e+06
1.74196e+06
1.73925e+06
1.73655e+06
1.73385e+06
1.73115e+06
1.72846e+06
1.72577e+06
1.72308e+06
1.7204e+06
1.71773e+06
1.71506e+06
1.71239e+06
1.70973e+06
1.70707e+06
1.70441e+06
1.70176e+06
1.69911e+06
1.69647e+06
1.69383e+06
1.6912e+06
1.68857e+06
1.68594e+06
1.68332e+06
1.6807e+06
1.67809e+06
1.67548e+06
1.67287e+06
1.67027e+06
1.66767e+06
1.66508e+06
1.66249e+06
1.6599e+06
1.65732e+06
1.65474e+06
1.65217e+06
1.6496e+06
1.64703e+06
1.64447e+06
1.64192e+06
1.63936e+06
1.63681e+06
1.63427e+06
1.63172e+06
1.62919e+06
1.62665e+06
1.62412e+06
1.6216e+06
1.61907e+06
1.61656e+06
1.61404e+06
1.61153e+06
1.60902e+06
1.60652e+06
1.60402e+06
1.60153e+06
1.59904e+06
1.59655e+06
1.59407e+06
1.59159e+06
1.58911e+06
1.58664e+06
1.58417e+06
1.58171e+06
1.57925e+06
1.57679e+06
1.57434e+06
1.57189e+06
1.56945e+06
1.56701e+06
1.56457e+06
1.56214e+06
1.55971e+06
1.55728e+06
1.55486e+06
1.55244e+06
1.55003e+06
1.54761e+06
1.54521e+06
1.5428e+06
1.54041e+06
1.53801e+06
1.53562e+06
1.53323e+06
1.53084e+06
1.52846e+06
1.52609e+06
1.52371e+06
1.52134e+06
1.51898e+06
1.51661e+06
1.51425e+06
1.5119e+06
1.50955e+06
1.5072e+06
1.50486e+06
1.50252e+06
1.50018e+06
1.49785e+06
1.49552e+06
1.49319e+06
1.49087e+06
1.48855e+06
1.48623e+06
1.48392e+06
1.48161e+06
1.47931e+06
1.47701e+06
1.47471e+06
1.47242e+06
1.47013e+06
1.46784e+06
1.46556e+06
1.46328e+06
1.461e+06
1.45873e+06
1.45646e+06
1.4542e+06
1.45193e+06
1.44968e+06
1.44742e+06
1.44517e+06
1.44292e+06
1.44068e+06
1.43844e+06
1.4362e+06
1.43397e+06
1.43174e+06
1.42951e+06
1.42729e+06
1.42507e+06
1.42285e+06
1.42064e+06
1.41843e+06
1.41622e+06
1.41402e+06
1.41182e+06
1.40962e+06
1.40743e+06
1.40524e+06
1.40306e+06
1.40087e+06
1.3987e+06
1.39652e+06
1.39435e+06
1.39218e+06
1.39001e+06
1.38785e+06
1.38569e+06
1.38354e+06
1.38139e+06
1.37924e+06
1.37709e+06
1.37495e+06
1.37281e+06
1.37068e+06
1.36855e+06
1.36642e+06
1.36429e+06
1.36217e+06
1.36005e+06
1.35794e+06
1.35582e+06
1.35372e+06
1.35161e+06
1.34951e+06
1.34741e+06
1.34531e+06
1.34322e+06
1.34113e+06
1.33905e+06
1.33696e+06
1.33488e+06
1.33281e+06
1.33073e+06
1.32866e+06
1.3266e+06
1.32454e+06
1.32248e+06
1.32042e+06
1.31836e+06
1.31631e+06
1.31427e+06
1.31222e+06
1.31018e+06
1.30814e+06
1.30611e+06
1.30408e+06
1.30205e+06
1.30002e+06
1.298e+06
1.29598e+06
1.29397e+06
1.29196e+06
1.28995e+06
1.28794e+06
1.28594e+06
1.28394e+06
1.28194e+06
1.27995e+06
1.27796e+06
1.27597e+06
1.27398e+06
1.272e+06
1.27002e+06
1.26805e+06
1.26608e+06
1.26411e+06
1.26214e+06
1.26018e+06
1.25822e+06
1.25626e+06
1.25431e+06
1.25236e+06
1.25041e+06
1.24846e+06
1.24652e+06
1.24458e+06
1.24265e+06
1.24071e+06
1.23878e+06
1.23686e+06
1.23493e+06
1.23301e+06
1.2311e+06
1.22918e+06
1.22727e+06
1.22536e+06
1.22345e+06
1.22155e+06
1.21965e+06
1.21775e+06
1.21586e+06
1.21397e+06
1.21208e+06
1.2102e+06
1.20831e+06
1.20643e+06
1.20456e+06
1.20268e+06
1.20081e+06
1.19895e+06
1.19708e+06
1.19522e+06
1.19336e+06
1.19151e+06
1.18965e+06
1.1878e+06
1.18595e+06
1.18411e+06
1.18227e+06
1.18043e+06
1.17859e+06
1.17676e+06
1.17493e+06
1.1731e+06
1.17128e+06
1.16946e+06
1.16764e+06
1.16582e+06
1.16401e+06
1.1622e+06
1.16039e+06
1.15859e+06
1.15678e+06
1.15498e+06
1.15319e+06
1.15139e+06
1.1496e+06
1.14782e+06
1.14603e+06
1.14425e+06
1.14247e+06
1.14069e+06
1.13892e+06
1.13715e+06
1.13538e+06
1.13361e+06
1.13185e+06
1.13009e+06
1.12833e+06
1.12658e+06
1.12482e+06
1.12307e+06
1.12133e+06
1.11958e+06
1.11784e+06
1.1161e+06
1.11437e+06
1.11263e+06
1.1109e+06
1.10918e+06
1.10745e+06
1.10573e+06
1.10401e+06
1.10229e+06
1.10058e+06
1.09886e+06
1.09716e+06
1.09545e+06
1.09375e+06
1.09204e+06
1.09035e+06
1.08865e+06
1.08696e+06
1.08527e+06
1.08358e+06
1.08189e+06
1.08021e+06
1.07853e+06
1.07685e+06
1.07518e+06
1.07351e+06
1.07184e+06
1.07017e+06
1.0685e+06
1.06684e+06
1.06518e+06
1.06353e+06
1.06187e+06
1.06022e+06
1.05857e+06
1.05693e+06
1.05528e+06
1.05364e+06
1.052e+06
1.05037e+06
1.04873e+06
1.0471e+06
1.04547e+06
1.04385e+06
1.04222e+06
1.0406e+06
1.03898e+06
1.03737e+06
1.03575e+06
1.03414e+06
1.03253e+06
1.03093e+06
1.02932e+06
1.02772e+06
1.02613e+06
1.02453e+06
1.02294e+06
1.02135e+06
1.01976e+06
1.01817e+06
1.01659e+06
1.01501e+06
1.01343e+06
1.01185e+06
1.01028e+06
1.00871e+06
1.00714e+06
1.00557e+06
1.00401e+06
1.00245e+06
1.00089e+06
999329
997775
996223
994674
993127
991582
990040
988500
986963
985428
983895
982365
980837
979311
977788
976267
974749
973233
971719
970208
968699
967192
965688
964186
962686
961189
959694
958201
956711
955223
953738
952254
950773
949294
947818
946344
944872
943402
941935
940470
939007
937547
936089
934633
933179
931728
930279
928832
927387
925945
924504
923067
921631
920197
918766
917337
915911
914486
913064
911644
910226
908810
907397
905985
904576
903169
901765
900362
898962
897563
896167
894774
893382
891992
890605
889220
887837
886456
885077
883701
882326
880954
879584
878216
876850
875486
874125
872765
871408
870052
868699
867348
865999
864652
863307
861964
860624
859285
857949
856614
855282
853952
852624
851298
849974
848652
847332
846014
844698
843384
842073
840763
839455
838150
836846
835544
834245
832947
831652
830358
829067
827777
826490
825205
823921
822640
821360
820083
818807
817534
816262
814993
813725
812459
811196
809934
808674
807417
806161
804907
803655
802405
801157
799911
798667
797425
796185
794946
793710
792475
791243
790012
788784
787557
786332
785109
783888
782669
781451
780236
779022
777811
776601
775393
774187
772983
771781
770580
769382
768185
766991
765798
764607
763417
762230
761045
759861
758679
757499
756321
755145
753970
752797
751627
750458
749290
748125
746961
745800
744640
743482
742325
741171
740018
738867
737718
736570
735425
734281
733139
731999
730860
729723
728588
727455
726324
725194
724066
722940
721816
720693
719572
718453
717336
716220
715106
713994
712883
711775
710668
709562
708459
707357
706257
705158
704061
702966
701873
700781
699691
698603
697517
696432
695349
694267
693187
692109
691033
689958
688885
687813
686744
685676
684609
683544
682481
681420
680360
679302
678245
677190
676137
675086
674036
672987
671940
670895
669852
668810
667770
666731
665694
664659
663625
662593
661563
660534
659506
658481
657456
656434
655413
654394
653376
652360
651345
650332
649320
648310
647302
646295
645290
644287
643285
642284
641285
640288
639292
638298
637305
636314
635324
634336
633349
632364
631381
630399
629418
628439
627462
626486
625511
624539
623567
622597
621629
620662
619697
618733
617771
616810
615851
614893
613936
612982
612028
611076
610126
609177
608229
607284
606339
605396
604454
603514
602576
601638
600703
599768
598836
597904
596974
596046
595119
594193
593269
592346
591425
590505
589587
588670
587754
586840
585927
585016
584106
583198
582291
581385
580481
579578
578676
577776
576878
575981
575085
574190
573297
572406
571515
570626
569739
568853
567968
567085
566203
565322
564443
563565
562688
561813
560940
560067
559196
558326
557458
556591
555725
554861
553998
553136
552276
551417
550559
549703
548848
547995
547142
546291
545442
544593
543746
542901
542056
541213
540371
539531
538692
537854
537017
536182
535348
534516
533684
532854
532026
531198
530372
529547
528723
527901
527080
526260
525442
524624
523809
522994
522180
521368
520557
519748
518939
518132
517326
516522
515718
514916
514116
513316
512518
511720
510925
510130
509337
508544
507753
506964
506175
505388
504602
503817
503033
502251
501470
500690
499911
499134
498357
497582
496808
496036
495264
494494
493725
492957
492190
491425
490661
489897
489135
488375
487615
486857
486100
485343
484589
483835
483082
482331
481581
480832
480084
479337
478592
477848
477104
476362
475621
474882
474143
473406
472669
471934
471200
470467
469736
469005
468276
467547
466820
466094
465369
464645
463923
463201
462481
461761
461043
460326
459610
458895
458182
457469
456758
456047
455338
454630
453923
453217
452512
451808
451105
450404
449703
449004
448305
447608
446912
446217
445523
444830
444138
443447
442758
442069
441381
440695
440010
439325
438642
437960
437278
436598
435919
435241
434564
433889
433214
432540
431867
431196
430525
429855
429187
428519
427853
427187
426523
425860
425197
424536
423876
423216
422558
421901
421245
420590
419935
419282
418630
417979
417329
416680
416032
415385
414739
414094
413450
412807
412165
411524
410884
410244
409606
408969
408333
407698
407064
406431
405799
405168
404538
403908
403280
402653
402027
401401
400777
400154
399531
398910
398290
397670
397052
396434
395818
395202
394587
393974
393361
392749
392138
391528
390919
390311
389704
389098
388493
387889
387286
386683
386082
385481
384882
384283
383686
383089
382493
381898
381304
380711
380119
379528
378937
378348
377760
377172
376586
376000
375415
374831
374248
373666
373085
372505
371925
371347
370769
370193
369617
369042
368468
367895
367323
366751
366181
365612
365043
364475
363908
363342
362777
362213
361650
361087
360526
359965
359405
358846
358288
357731
357174
356619
356064
355510
354957
354405
353854
353304
352754
352206
351658
351111
350565
350020
349475
348932
348389
347847
347306
346766
346227
345688
345151
344614
344078
343543
343008
342475
341942
341410
340879
340349
339820
339291
338764
338237
337711
337185
336661
336137
335615
335093
334571
334051
333532
333013
332495
331978
331461
330946
330431
329917
329404
328892
328380
327870
327360
326851
326342
325835
325328
324822
324317
323812
323309
322806
322304
321802
321302
320802
320303
319805
319308
318811
318315
317820
317326
316832
316340
315848
315356
314866
314376
313887
313399
312912
312425
311939
311454
310970
310486
310003
309521
309039
308559
308079
307600
307121
306644
306167
305691
305215
304740
304266
303793
303321
302849
302378
301908
301438
300969
300501
300034
299567
299101
298636
298172
297708
297245
296783
296321
295860
295400
294941
294482
294024
293567
293110
292654
292199
291744
291291
290838
290385
289934
289483
289033
288583
288134
287686
287239
286792
286346
285900
285456
285012
284569
284126
283684
283243
282802
282363
281923
281485
281047
280610
280174
279738
279303
278868
278435
278002
277569
277138
276706
276276
275846
275417
274989
274561
274134
273708
273282
272857
272433
272009
271586
271164
270742
270321
269901
269481
269062
268643
268225
267808
267392
266976
266561
266146
265732
265319
264906
264494
264083
263672
263262
262852
262444
262036
261628
261221
260815
260409
260004
259600
259196
258793
258390
257989
257587
257187
256787
256387
255989
255590
255193
254796
254400
254004
253609
253215
252821
252428
252035
251643
251252
250861
250471
250081
249692
249304
248916
248529
248142
247756
247371
246986
246602
246219
245836
245453
245072
244691
244310
243930
243551
243172
242794
242416
242039
241663
241287
240911
240537
240163
239789
239416
239044
238672
238301
237930
237560
237191
236822
236453
236086
235719
235352
234986
234620
234256
233891
233527
233164
232802
232440
232078
231717
231357
230997
230638
230279
229921
229563
229206
228850
228494
228138
227784
227429
227076
226722
226370
226018
225666
225315
224965
224615
224266
223917
223569
223221
222874
222527
222181
221835
221490
221146
220802
220459
220116
219773
219432
219090
218749
218409
218070
217730
217392
217054
216716
216379
216043
215707
215371
215036
214702
214368
214034
213701
213369
213037
212706
212375
212045
211715
211386
211057
210729
210401
210074
209747
209421
209095
208770
208445
208121
207797
207474
207151
206829
206508
206186
205866
205546
205226
204907
204588
204270
203952
203635
203318
203002
202686
202371
202056
201742
201428
201115
200802
200490
200178
199867
199556
199246
198936
198626
198317
198009
197701
197394
197087
196780
196474
196168
195863
195559
195255
194951
194648
194345
194043
193741
193440
193139
192838
192538
192239
191940
191641
191343
191046
190749
190452
190156
189860
189565
189270
188976
188682
188388
188095
187803
187511
187219
186928
186637
186347
186057
185768
185479
185190
184902
184615
184328
184041
183755
183469
183184
182899
182614
182330
182047
181763
181481
181199
180917
180635
180354
180074
179794
179514
179235
178956
178678
178400
178123
177846
177569
177293
177017
176742
176467
176192
175918
175645
175372
175099
174827
174555
174283
174012
173741
173471
173201
172932
172663
172395
172126
171859
171592
171325
171058
170792
170527
170261
169997
169732
169468
169205
168941
168679
168416
168154
167893
167632
167371
167111
166851
166591
166332
166074
165815
165557
165300
165043
164786
164530
164274
164018
163763
163509
163254
163000
162747
162494
162241
161989
161737
161485
161234
160983
160733
160483
160234
159984
159735
159487
159239
158991
158744
158497
158251
158005
157759
157513
157269
157024
156780
156536
156292
156049
155807
155564
155322
155081
154840
154599
154358
154118
153879
153639
153400
153162
152924
152686
152448
152211
151974
151738
151502
151266
151031
150796
150562
150328
150094
149860
149627
149395
149162
148930
148699
148467
148237
148006
147776
147546
147316
147087
146859
146630
146402
146174
145947
145720
145494
145267
145041
144816
144591
144366
144141
143917
143693
143470
143247
143024
142801
142579
142357
142136
141915
141694
141474
141254
141034
140815
140596
140377
140159
139941
139723
139506
139289
139072
138856
138640
138425
138209
137994
137780
137565
137351
137138
136925
136712
136499
136287
136075
135863
135652
135441
135230
135020
134810
134600
134391
134182
133973
133765
133557
133349
133142
132935
132728
132521
132315
132110
131904
131699
131494
131290
131085
130882
130678
130475
130272
130069
129867
129665
129463
129262
129061
128860
128660
128460
128260
128060
127861
127662
127464
127266
127068
126870
126673
126476
126279
126083
125887
125691
125495
125300
125105
124911
124717
124523
124329
124136
123942
123750
123557
123365
123173
122982
122790
122599
122409
122218
122028
121839
121649
121460
121271
121082
120894
120706
120518
120331
120144
119957
119770
119584
119398
119212
119027
118842
118657
118472
118288
118104
117921
117737
117554
117371
117189
117006
116825
116643
116461
116280
116099
115919
115739
115559
115379
115199
115020
114841
114663
114484
114306
114129
113951
113774
113597
113420
113244
113068
112892
112716
112541
112366
112191
112017
111843
111669
111495
111322
111148
110976
110803
110631
110459
110287
110115
109944
109773
109602
109432
109262
109092
108922
108753
108584
108415
108246
108078
107910
107742
107574
107407
107240
107073
106907
106740
106574
106409
106243
106078
105913
105748
105584
105420
105256
105092
104929
104765
104602
104440
104277
104115
103953
103792
103630
103469
103308
103147
102987
102827
102667
102507
102348
102189
102030
101871
101713
101554
101396
101239
101081
100924
100767
100610
100454
100298
100142
99986
99830.5
99675.3
99520.3
99365.5
99210.9
99056.6
98902.6
98748.8
98595.2
98441.9
98288.8
98135.9
97983.3
97830.9
97678.8
97526.9
97375.2
97223.7
97072.5
96921.6
96770.8
96620.3
96470.1
96320
96170.3
96020.7
95871.4
95722.3
95573.4
95424.8
95276.3
95128.2
94980.2
94832.5
94685
94537.8
94390.8
94244
94097.4
93951.1
93804.9
93659.1
93513.4
93368
93222.8
93077.8
92933
92788.5
92644.2
92500.1
92356.3
92212.6
92069.2
91926
91783.1
91640.3
91497.8
91355.5
91213.4
91071.6
90930
90788.5
90647.3
90506.4
90365.6
90225.1
90084.8
89944.7
89804.8
89665.1
89525.7
89386.4
89247.4
89108.6
88970.1
88831.7
88693.5
88555.6
88417.9
88280.4
88143.1
88006
87869.1
87732.5
87596
87459.8
87323.8
87188
87052.4
86917
86781.8
86646.9
86512.1
86377.6
86243.3
86109.1
85975.2
85841.5
85708
85574.7
85441.6
85308.8
85176.1
85043.6
84911.4
84779.3
84647.5
84515.8
84384.4
84253.2
84122.1
83991.3
83860.7
83730.3
83600
83470
83340.2
83210.6
83081.2
82952
82823
82694.2
82565.6
82437.2
82309
82181
82053.2
81925.6
81798.1
81670.9
81543.9
81417.1
81290.5
81164.1
81037.8
80911.8
80786
80660.3
80534.9
80409.7
80284.6
80159.8
80035.1
79910.6
79786.3
79662.3
79538.4
79414.7
79291.2
79167.9
79044.7
78921.8
78799.1
78676.5
78554.2
78432
78310
78188.3
78066.7
77945.3
77824
77703
77582.2
77461.5
77341
77220.8
77100.7
76980.8
76861.1
76741.5
76622.2
76503
76384
76265.3
76146.6
76028.2
75910
75791.9
75674.1
75556.4
75438.9
75321.6
75204.4
75087.5
74970.7
74854.1
74737.7
74621.5
74505.4
74389.5
74273.9
74158.4
74043
73927.9
73812.9
73698.1
73583.5
73469.1
73354.8
73240.7
73126.8
73013.1
72899.6
72786.2
72673
72560
72447.1
72334.5
72222
72109.7
71997.5
71885.6
71773.8
71662.1
71550.7
71439.4
71328.3
71217.4
71106.6
70996.1
70885.7
70775.4
70665.3
70555.5
70445.7
70336.2
70226.8
70117.6
70008.5
69899.7
69791
69682.4
69574.1
69465.9
69357.8
69250
69142.3
69034.7
68927.4
68820.2
68713.2
68606.3
68499.6
68393.1
68286.7
68180.5
68074.5
67968.6
67862.9
67757.4
67652
67546.8
67441.8
67336.9
67232.2
67127.6
67023.2
66919
66814.9
66711
66607.3
66503.7
66400.3
66297
66193.9
66091
65988.2
65885.6
65783.1
65680.8
65578.7
65476.7
65374.8
65273.2
65171.7
65070.3
64969.1
64868.1
64767.2
64666.5
64565.9
64465.5
64365.3
64265.2
64165.2
64065.4
63965.8
63866.3
63767
63667.9
63568.8
63470
63371.3
63272.7
63174.3
63076.1
62978
62880.1
62782.3
62684.6
62587.1
62489.8
62392.6
62295.6
62198.7
62102
62005.4
61909
61812.7
61716.6
61620.6
61524.8
61429.1
61333.6
61238.2
61143
61047.9
60953
60858.2
60763.5
60669
60574.7
60480.5
60386.4
60292.5
60198.8
60105.1
60011.7
59918.3
59825.2
59732.1
59639.2
59546.5
59453.9
59361.4
59269.1
59176.9
59084.9
58993
58901.3
58809.7
58718.2
58626.9
58535.8
58444.7
58353.8
58263.1
58172.5
58082
57991.7
57901.5
57811.5
57721.6
57631.8
57542.2
57452.7
57363.3
57274.1
57185.1
57096.1
57007.4
56918.7
56830.2
56741.8
56653.6
56565.5
56477.5
56389.7
56302
56214.4
56127
56039.7
55952.6
55865.6
55778.7
55691.9
55605.3
55518.9
55432.5
55346.3
55260.3
55174.3
55088.5
55002.9
54917.3
54831.9
54746.6
54661.5
54576.5
54491.6
54406.9
54322.3
54237.8
54153.5
54069.2
53985.2
53901.2
53817.4
53733.7
53650.1
53566.7
53483.4
53400.2
53317.2
53234.3
53151.5
53068.8
52986.3
52903.9
52821.6
52739.5
52657.5
52575.6
52493.8
52412.2
52330.7
52249.3
52168.1
52086.9
52005.9
51925.1
51844.3
51763.7
51683.2
51602.8
51522.6
51442.5
51362.5
51282.6
51202.8
51123.2
51043.7
50964.3
50885.1
50806
50727
50648.1
50569.3
50490.7
50412.1
50333.8
50255.5
50177.3
50099.3
50021.4
49943.6
49865.9
49788.4
49711
49633.7
49556.5
49479.4
49402.5
49325.6
49248.9
49172.4
49095.9
49019.5
48943.3
48867.2
48791.2
48715.3
48639.6
48563.9
48488.4
48413
48337.7
48262.6
48187.5
48112.6
48037.8
47963.1
47888.5
47814
47739.7
47665.4
47591.3
47517.3
47443.4
47369.6
47296
47222.4
47149
47075.6
47002.4
46929.4
46856.4
46783.5
46710.8
46638.1
46565.6
46493.2
46420.9
46348.7
46276.6
46204.7
46132.8
46061.1
45989.4
45917.9
45846.5
45775.2
45704
45633
45562
45491.2
45420.4
45349.8
45279.3
45208.9
45138.6
45068.4
44998.3
44928.3
44858.4
44788.7
44719
44649.5
44580.1
44510.7
44441.5
44372.4
44303.4
44234.5
44165.7
44097
44028.5
43960
43891.7
43823.4
43755.2
43687.2
43619.3
43551.4
43483.7
43416.1
43348.6
43281.2
43213.9
43146.7
43079.6
43012.6
42945.7
42878.9
42812.2
42745.7
42679.2
42612.8
42546.6
42480.4
42414.3
42348.4
42282.5
42216.8
42151.1
42085.6
42020.1
41954.8
41889.6
41824.4
41759.4
41694.5
41629.6
41564.9
41500.2
41435.7
41371.3
41306.9
41242.7
41178.6
41114.5
41050.6
40986.8
40923
40859.4
40795.9
40732.4
40669.1
40605.8
40542.7
40479.7
40416.7
40353.9
40291.1
40228.5
40165.9
40103.4
40041.1
39978.8
39916.7
39854.6
39792.6
39730.7
39668.9
39607.3
39545.7
39484.2
39422.8
39361.5
39300.3
39239.2
39178.1
39117.2
39056.4
38995.7
38935
38874.5
38814
38753.7
38693.4
38633.2
38573.2
38513.2
38453.3
38393.5
38333.8
38274.2
38214.7
38155.3
38095.9
38036.7
37977.5
37918.5
37859.5
37800.6
37741.9
37683.2
37624.6
37566.1
37507.7
37449.3
37391.1
37333
37274.9
37216.9
37159.1
37101.3
37043.6
36986
36928.5
36871.1
36813.7
36756.5
36699.3
36642.3
36585.3
36528.4
36471.6
36414.9
36358.3
36301.7
36245.3
36188.9
36132.6
36076.4
36020.4
35964.3
35908.4
35852.6
35796.8
35741.2
35685.6
35630.1
35574.7
35519.4
35464.1
35409
35353.9
35299
35244.1
35189.3
35134.6
35079.9
35025.4
34970.9
34916.5
34862.2
34808
34753.9
34699.9
34645.9
34592
34538.2
34484.5
34430.9
34377.4
34323.9
34270.5
34217.3
34164.1
34110.9
34057.9
34004.9
33952.1
33899.3
33846.5
33793.9
33741.4
33688.9
33636.5
33584.2
33532
33479.9
33427.8
33375.8
33323.9
33272.1
33220.4
33168.7
33117.1
33065.6
33014.2
32962.9
32911.6
32860.5
32809.4
32758.3
32707.4
32656.5
32605.8
32555.1
32504.4
32453.9
32403.4
32353.1
32302.7
32252.5
32202.4
32152.3
32102.3
32052.4
32002.5
31952.8
31903.1
31853.5
31804
31754.5
31705.1
31655.8
31606.6
31557.5
31508.4
31459.4
31410.5
31361.6
31312.9
31264.2
31215.6
31167
31118.6
31070.2
31021.9
30973.6
30925.5
30877.4
30829.4
30781.4
30733.6
30685.8
30638.1
30590.4
30542.9
30495.4
30448
30400.6
30353.4
30306.2
30259
30212
30165
30118.1
30071.3
30024.5
29977.8
29931.2
29884.7
29838.2
29791.8
29745.5
29699.2
29653.1
29607
29560.9
29515
29469.1
29423.2
29377.5
29331.8
29286.2
29240.7
29195.2
29149.8
29104.5
29059.2
29014
28968.9
28923.9
28878.9
28834
28789.2
28744.4
28699.7
28655.1
28610.5
28566
28521.6
28477.3
28433
28388.8
28344.7
28300.6
28256.6
28212.6
28168.8
28125
28081.2
28037.6
27994
27950.5
27907
27863.6
27820.3
27777
27733.8
27690.7
27647.7
27604.7
27561.7
27518.9
27476.1
27433.4
27390.7
27348.1
27305.6
27263.2
27220.8
27178.4
27136.2
27094
27051.9
27009.8
26967.8
26925.9
26884
26842.2
26800.5
26758.8
26717.2
26675.7
26634.2
26592.8
26551.4
26510.1
26468.9
26427.8
26386.7
26345.6
26304.7
26263.8
26222.9
26182.2
26141.5
26100.8
26060.2
26019.7
25979.3
25938.9
25898.5
25858.3
25818.1
25777.9
25737.8
25697.8
25657.9
25618
25578.1
25538.4
25498.7
25459
25419.4
25379.9
25340.4
25301
25261.7
25222.4
25183.2
25144.1
25105
25065.9
25027
24988
24949.2
24910.4
24871.7
24833
24794.4
24755.8
24717.3
24678.9
24640.5
24602.2
24564
24525.8
24487.7
24449.6
24411.6
24373.6
24335.7
24297.9
24260.1
24222.4
24184.7
24147.1
24109.6
24072.1
24034.7
23997.3
23960
23922.7
23885.5
23848.4
23811.3
23774.3
23737.3
23700.4
23663.6
23626.8
23590
23553.4
23516.7
23480.2
23443.7
23407.2
23370.8
23334.5
23298.2
23262
23225.8
23189.7
23153.7
23117.7
23081.7
23045.8
23010
22974.2
22938.5
22902.8
22867.2
22831.7
22796.2
22760.7
22725.3
22690
22654.7
22619.5
22584.3
22549.2
22514.2
22479.2
22444.2
22409.3
22374.5
22339.7
22305
22270.3
22235.7
22201.1
22166.6
22132.1
22097.7
22063.3
22029
21994.8
21960.6
21926.5
21892.4
21858.3
21824.3
21790.4
21756.5
21722.7
21688.9
21655.2
21621.5
21587.9
21554.4
21520.9
21487.4
21454
21420.6
21387.3
21354.1
21320.9
21287.7
21254.6
21221.6
21188.6
21155.6
21122.8
21089.9
21057.1
21024.4
20991.7
20959.1
20926.5
20893.9
20861.5
20829
20796.6
20764.3
20732
20699.8
20667.6
20635.5
20603.4
20571.4
20539.4
20507.5
20475.6
20443.7
20412
20380.2
20348.5
20316.9
20285.3
20253.8
20222.3
20190.8
20159.5
20128.1
20096.8
20065.6
20034.4
20003.2
19972.1
19941.1
19910.1
19879.1
19848.2
19817.4
19786.6
19755.8
19725.1
19694.4
19663.8
19633.2
19602.7
19572.2
19541.8
19511.4
19481.1
19450.8
19420.6
19390.4
19360.2
19330.1
19300.1
19270.1
19240.1
19210.2
19180.3
19150.5
19120.7
19091
19061.3
19031.7
19002.1
18972.6
18943.1
18913.6
18884.2
18854.9
18825.5
18796.3
18767
18737.9
18708.7
18679.7
18650.6
18621.6
18592.7
18563.8
18534.9
18506.1
18477.3
18448.6
18419.9
18391.3
18362.7
18334.1
18305.6
18277.2
18248.8
18220.4
18192.1
18163.8
18135.5
18107.4
18079.2
18051.1
18023
17995
17967
17939.1
17911.2
17883.4
17855.6
17827.8
17800.1
17772.4
17744.8
17717.2
17689.7
17662.2
17634.7
17607.3
17579.9
17552.6
17525.3
17498.1
17470.9
17443.7
17416.6
17389.5
17362.5
17335.5
17308.5
17281.6
17254.8
17227.9
17201.1
17174.4
17147.7
17121.1
17094.4
17067.9
17041.3
17014.8
16988.4
16962
16935.6
16909.3
16883
16856.7
16830.5
16804.4
16778.3
16752.2
16726.1
16700.1
16674.2
16648.2
16622.4
16596.5
16570.7
16545
16519.2
16493.6
16467.9
16442.3
16416.8
16391.2
16365.8
16340.3
16314.9
16289.6
16264.2
16238.9
16213.7
16188.5
16163.3
16138.2
16113.1
16088.1
16063.1
16038.1
16013.2
15988.3
15963.4
15938.6
15913.8
15889.1
15864.4
15839.7
15815.1
15790.5
15766
15741.5
15717
15692.6
15668.2
15643.8
15619.5
15595.2
15571
15546.8
15522.6
15498.5
15474.4
15450.3
15426.3
15402.3
15378.4
15354.5
15330.6
15306.8
15283
15259.2
15235.5
15211.8
15188.2
15164.6
15141
15117.4
15093.9
15070.5
15047.1
15023.7
15000.3
14977
14953.7
14930.5
14907.3
14884.1
14860.9
14837.8
14814.8
14791.7
14768.8
14745.8
14722.9
14700
14677.1
14654.3
14631.5
14608.8
14586.1
14563.4
14540.8
14518.2
14495.6
14473.1
14450.6
14428.1
14405.7
14383.3
14360.9
14338.6
14316.3
14294.1
14271.9
14249.7
14227.5
14205.4
14183.3
14161.3
14139.3
14117.3
14095.3
14073.4
14051.6
14029.7
14007.9
13986.1
13964.4
13942.7
13921
13899.4
13877.8
13856.2
13834.7
13813.2
13791.7
13770.2
13748.8
13727.5
13706.1
13684.8
13663.6
13642.3
13621.1
13599.9
13578.8
13557.7
13536.6
13515.6
13494.6
13473.6
13452.6
13431.7
13410.9
13390
13369.2
13348.4
13327.7
13307
13286.3
13265.6
13245
13224.4
13203.9
13183.3
13162.8
13142.4
13122
13101.6
13081.2
13060.9
13040.6
13020.3
13000.1
12979.8
12959.7
12939.5
12919.4
12899.3
12879.3
12859.3
12839.3
12819.3
12799.4
12779.5
12759.6
12739.8
12720
12700.2
12680.5
12660.8
12641.1
12621.5
12601.8
12582.2
12562.7
12543.2
12523.7
12504.2
12484.8
12465.4
12446
12426.6
12407.3
12388
12368.8
12349.6
12330.4
12311.2
12292.1
12273
12253.9
12234.8
12215.8
12196.8
12177.9
12159
12140.1
12121.2
12102.3
12083.5
12064.8
12046
12027.3
12008.6
11989.9
11971.3
11952.7
11934.1
11915.6
11897
11878.5
11860.1
11841.6
11823.2
11804.9
11786.5
11768.2
11749.9
11731.6
11713.4
11695.2
11677
11658.9
11640.8
11622.7
11604.6
11586.6
11568.6
11550.6
11532.6
11514.7
11496.8
11478.9
11461.1
11443.3
11425.5
11407.7
11390
11372.3
11354.6
11337
11319.4
11301.8
11284.2
11266.7
11249.2
11231.7
11214.2
11196.8
11179.4
11162
11144.7
11127.3
11110.1
11092.8
11075.5
11058.3
11041.1
11024
11006.9
10989.7
10972.7
10955.6
10938.6
10921.6
10904.6
10887.7
10870.7
10853.8
10837
10820.1
10803.3
10786.5
10769.8
10753
10736.3
10719.6
10703
10686.3
10669.7
10653.1
10636.6
10620.1
10603.6
10587.1
10570.6
10554.2
10537.8
10521.4
10505.1
10488.7
10472.4
10456.2
10439.9
10423.7
10407.5
10391.3
10375.2
10359
10342.9
10326.9
10310.8
10294.8
10278.8
10262.8
10246.9
10230.9
10215
10199.2
10183.3
10167.5
10151.7
10135.9
10120.2
10104.4
10088.7
10073.1
10057.4
10041.8
10026.2
10010.6
9995.03
9979.5
9963.99
9948.51
9933.04
9917.61
9902.2
9886.81
9871.44
9856.1
9840.79
9825.49
9810.22
9794.98
9779.76
9764.56
9749.38
9734.23
9719.11
9704
9688.92
9673.87
9658.83
9643.82
9628.84
9613.87
9598.93
9584.02
9569.12
9554.25
9539.41
9524.58
9509.78
9495
9480.25
9465.52
9450.81
9436.12
9421.46
9406.82
9392.2
9377.6
9363.03
9348.48
9333.95
9319.45
9304.97
9290.51
9276.07
9261.66
9247.26
9232.89
9218.55
9204.22
9189.92
9175.64
9161.38
9147.14
9132.93
9118.74
9104.57
9090.42
9076.29
9062.19
9048.11
9034.05
9020.01
9005.99
8992
8978.03
8964.07
8950.15
8936.24
8922.35
8908.49
8894.64
8880.82
8867.02
8853.25
8839.49
8825.75
8812.04
8798.35
8784.67
8771.02
8757.39
8743.79
8730.2
8716.63
8703.09
8689.57
8676.06
8662.58
8649.12
8635.68
8622.26
8608.87
8595.49
8582.13
8568.8
8555.48
8542.19
8528.92
8515.67
8502.43
8489.22
8476.03
8462.86
8449.71
8436.58
8423.47
8410.38
8397.32
8384.27
8371.24
8358.23
8345.25
8332.28
8319.33
8306.41
8293.5
8280.61
8267.75
8254.9
8242.08
8229.27
8216.48
8203.72
8190.97
8178.24
8165.54
8152.85
8140.18
8127.53
8114.9
8102.3
8089.71
8077.14
8064.59
8052.06
8039.55
8027.06
8014.58
8002.13
7989.7
7977.28
7964.89
7952.51
7940.16
7927.82
7915.5
7903.21
7890.93
7878.67
7866.42
7854.2
7842
7829.82
7817.65
7805.5
7793.38
7781.27
7769.18
7757.11
7745.06
7733.02
7721.01
7709.01
7697.03
7685.08
7673.14
7661.21
7649.31
7637.43
7625.56
7613.71
7601.88
7590.07
7578.28
7566.51
7554.75
7543.01
7531.3
7519.59
7507.91
7496.25
7484.6
7472.97
7461.36
7449.77
7438.2
7426.64
7415.1
7403.58
7392.08
7380.6
7369.13
7357.68
7346.25
7334.84
7323.44
7312.06
7300.7
7289.36
7278.04
7266.73
7255.44
7244.17
7232.92
7221.68
7210.46
7199.26
7188.07
7176.91
7165.76
7154.62
7143.51
7132.41
7121.33
7110.27
7099.22
7088.19
7077.18
7066.19
7055.21
7044.25
7033.3
7022.38
7011.47
7000.58
6989.7
6978.84
6968
6957.18
6946.37
6935.58
6924.8
6914.05
6903.31
6892.58
6881.87
6871.18
6860.51
6849.85
6839.21
6828.59
6817.98
6807.39
6796.81
6786.25
6775.71
6765.19
6754.68
6744.18
6733.71
6723.25
6712.8
6702.37
6691.96
6681.57
6671.19
6660.82
6650.48
6640.15
6629.83
6619.53
6609.25
6598.98
6588.73
6578.5
6568.28
6558.08
6547.89
6537.72
6527.56
6517.42
6507.3
6497.19
6487.1
6477.02
6466.96
6456.91
6446.88
6436.87
6426.87
6416.89
6406.92
6396.97
6387.03
6377.11
6367.21
6357.32
6347.44
6337.58
6327.74
6317.91
6308.09
6298.3
6288.51
6278.74
6268.99
6259.25
6249.53
6239.82
6230.13
6220.46
6210.79
6201.15
6191.51
6181.9
6172.29
6162.71
6153.14
6143.58
6134.04
6124.51
6115
6105.5
6096.01
6086.55
6077.09
6067.65
6058.23
6048.82
6039.42
6030.04
6020.68
6011.33
6001.99
5992.67
5983.36
5974.07
5964.79
5955.52
5946.27
5937.04
5927.82
5918.61
5909.42
5900.24
5891.07
5881.92
5872.79
5863.67
5854.56
5845.47
5836.39
5827.32
5818.27
5809.24
5800.21
5791.2
5782.21
5773.23
5764.26
5755.31
5746.37
5737.45
5728.54
5719.64
5710.76
5701.89
5693.03
5684.19
5675.36
5666.55
5657.75
5648.96
5640.19
5631.43
5622.68
5613.95
5605.23
5596.53
5587.83
5579.16
5570.49
5561.84
5553.2
5544.58
5535.97
5527.37
5518.79
5510.22
5501.66
5493.11
5484.58
5476.07
5467.56
5459.07
5450.59
5442.13
5433.68
5425.24
5416.81
5408.4
5400
5391.62
5383.24
5374.88
5366.54
5358.2
5349.88
5341.57
5333.28
5325
5316.73
5308.47
5300.23
5291.99
5283.78
5275.57
5267.38
5259.2
5251.03
5242.88
5234.74
5226.61
5218.49
5210.39
5202.3
5194.22
5186.15
5178.1
5170.06
5162.03
5154.01
5146.01
5138.02
5130.04
5122.07
5114.12
5106.18
5098.25
5090.33
5082.43
5074.54
5066.66
5058.79
5050.94
5043.09
5035.26
5027.44
5019.64
5011.84
5004.06
4996.29
4988.53
4980.79
4973.05
4965.33
4957.62
4949.92
4942.24
4934.56
4926.9
4919.25
4911.61
4903.98
4896.37
4888.77
4881.18
4873.6
4866.03
4858.47
4850.93
4843.4
4835.88
4828.37
4820.87
4813.39
4805.91
4798.45
4791
4783.56
4776.14
4768.72
4761.32
4753.92
4746.54
4739.17
4731.81
4724.47
4717.13
4709.81
4702.5
4695.2
4687.91
4680.63
4673.36
4666.1
4658.86
4651.63
4644.4
4637.19
4629.99
4622.81
4615.63
4608.46
4601.31
4594.16
4587.03
4579.91
4572.8
4565.7
4558.61
4551.53
4544.47
4537.41
4530.37
4523.33
4516.31
4509.3
4502.3
4495.31
4488.33
4481.36
4474.41
4467.46
4460.52
4453.6
4446.69
4439.78
4432.89
4426.01
4419.14
4412.28
4405.43
4398.59
4391.76
4384.94
4378.13
4371.34
4364.55
4357.78
4351.01
4344.26
4337.51
4330.78
4324.06
4317.34
4310.64
4303.95
4297.27
4290.6
4283.94
4277.29
4270.65
4264.02
4257.4
4250.79
4244.19
4237.6
4231.02
4224.46
4217.9
4211.35
4204.81
4198.29
4191.77
4185.26
4178.77
4172.28
4165.8
4159.34
4152.88
4146.43
4140
4133.57
4127.16
4120.75
4114.35
4107.97
4101.59
4095.22
4088.87
4082.52
4076.18
4069.86
4063.54
4057.23
4050.93
4044.65
4038.37
4032.1
4025.84
4019.59
4013.35
4007.13
4000.91
3994.7
3988.5
3982.31
3976.12
3969.95
3963.79
3957.64
3951.5
3945.36
3939.24
3933.13
3927.02
3920.93
3914.84
3908.76
3902.7
3896.64
3890.59
3884.55
3878.53
3872.51
3866.5
3860.49
3854.5
3848.52
3842.55
3836.58
3830.63
3824.69
3818.75
3812.82
3806.91
3801
3795.1
3789.21
3783.33
3777.46
3771.59
3765.74
3759.9
3754.06
3748.24
3742.42
3736.61
3730.81
3725.02
3719.24
3713.47
3707.71
3701.95
3696.21
3690.47
3684.74
3679.03
3673.32
3667.62
3661.92
3656.24
3650.57
3644.9
3639.25
3633.6
3627.96
3622.33
3616.71
3611.1
3605.49
3599.9
3594.31
3588.74
3583.17
3577.61
3572.05
3566.51
3560.98
3555.45
3549.93
3544.43
3538.93
3533.43
3527.95
3522.48
3517.01
3511.55
3506.11
3500.67
3495.23
3489.81
3484.4
3478.99
3473.59
3468.2
3462.82
3457.45
3452.08
3446.73
3441.38
3436.04
3430.71
3425.38
3420.07
3414.76
3409.46
3404.17
3398.89
3393.62
3388.35
3383.1
3377.85
3372.61
3367.37
3362.15
3356.93
3351.72
3346.52
3341.33
3336.15
3330.97
3325.8
3320.64
3315.49
3310.35
3305.21
3300.08
3294.96
3289.85
3284.75
3279.65
3274.56
3269.48
3264.41
3259.35
3254.29
3249.24
3244.2
3239.17
3234.14
3229.13
3224.12
3219.11
3214.12
3209.13
3204.16
3199.18
3194.22
3189.27
3184.32
3179.38
3174.45
3169.52
3164.61
3159.7
3154.79
3149.9
3145.01
3140.14
3135.26
3130.4
3125.54
3120.7
3115.86
3111.02
3106.2
3101.38
3096.57
3091.76
3086.97
3082.18
3077.4
3072.62
3067.86
3063.1
3058.35
3053.6
3048.87
3044.14
3039.42
3034.7
3030
3025.3
3020.6
3015.92
3011.24
3006.57
3001.91
2997.25
2992.6
2987.96
2983.32
2978.7
2974.08
2969.46
2964.86
2960.26
2955.67
2951.08
2946.51
2941.94
2937.37
2932.82
2928.27
2923.73
2919.19
2914.67
2910.15
2905.63
2901.13
2896.63
2892.13
2887.65
2883.17
2878.7
2874.23
2869.78
2865.33
2860.88
2856.45
2852.02
2847.59
2843.18
2838.77
2834.37
2829.97
2825.58
2821.2
2816.82
2812.46
2808.09
2803.74
2799.39
2795.05
2790.72
2786.39
2782.07
2777.75
2773.45
2769.14
2764.85
2760.56
2756.28
2752.01
2747.74
2743.48
2739.23
2734.98
2730.74
2726.5
2722.27
2718.05
2713.84
2709.63
2705.43
2701.23
2697.05
2692.86
2688.69
2684.52
2680.36
2676.2
2672.05
2667.91
2663.77
2659.64
2655.52
2651.4
2647.29
2643.18
2639.09
2634.99
2630.91
2626.83
2622.76
2618.69
2614.63
2610.58
2606.53
2602.49
2598.45
2594.42
2590.4
2586.39
2582.38
2578.37
2574.38
2570.38
2566.4
2562.42
2558.45
2554.48
2550.52
2546.57
2542.62
2538.68
2534.74
2530.81
2526.89
2522.97
2519.06
2515.15
2511.26
2507.36
2503.48
2499.59
2495.72
2491.85
2487.99
2484.13
2480.28
2476.44
2472.6
2468.76
2464.94
2461.12
2457.3
2453.49
2449.69
2445.89
2442.1
2438.31
2434.53
2430.76
2426.99
2423.23
2419.48
2415.72
2411.98
2408.24
2404.51
2400.78
2397.06
2393.35
2389.64
2385.93
2382.23
2378.54
2374.85
2371.17
2367.5
2363.83
2360.17
2356.51
2352.86
2349.21
2345.57
2341.93
2338.3
2334.68
2331.06
2327.45
2323.84
2320.24
2316.64
2313.05
2309.47
2305.89
2302.32
2298.75
2295.18
2291.63
2288.08
2284.53
2280.99
2277.46
2273.93
2270.4
2266.88
2263.37
2259.86
2256.36
2252.86
2249.37
2245.89
2242.41
2238.93
2235.46
2232
2228.54
2225.09
2221.64
2218.2
2214.76
2211.33
2207.9
2204.48
2201.06
2197.65
2194.25
2190.85
2187.45
2184.06
2180.68
2177.3
2173.93
2170.56
2167.2
2163.84
2160.49
2157.14
2153.8
2150.46
2147.13
2143.8
2140.48
2137.16
2133.85
2130.54
2127.24
2123.95
2120.66
2117.37
2114.09
2110.82
2107.55
2104.28
2101.02
2097.77
2094.52
2091.27
2088.03
2084.8
2081.57
2078.34
2075.12
2071.91
2068.7
2065.49
2062.29
2059.1
2055.91
2052.72
2049.54
2046.37
2043.2
2040.03
2036.87
2033.72
2030.57
2027.42
2024.28
2021.15
2018.02
2014.89
2011.77
2008.65
2005.54
2002.44
1999.33
1996.24
1993.15
1990.06
1986.98
1983.9
1980.83
1977.76
1974.69
1971.64
1968.58
1965.53
1962.49
1959.45
1956.41
1953.38
1950.36
1947.34
1944.32
1941.31
1938.3
1935.3
1932.31
1929.31
1926.33
1923.34
1920.36
1917.39
1914.42
1911.46
1908.49
1905.54
1902.59
1899.64
1896.7
1893.76
1890.83
1887.9
1884.98
1882.06
1879.15
1876.24
1873.33
1870.43
1867.53
1864.64
1861.75
1858.87
1855.99
1853.12
1850.25
1847.38
1844.52
1841.67
1838.82
1835.97
1833.13
1830.29
1827.45
1824.63
1821.8
1818.98
1816.16
1813.35
1810.54
1807.74
1804.94
1802.15
1799.36
1796.57
1793.79
1791.01
1788.24
1785.47
1782.71
1779.95
1777.19
1774.44
1771.69
1768.95
1766.21
1763.48
1760.75
1758.02
1755.3
1752.58
1749.87
1747.16
1744.46
1741.76
1739.06
1736.37
1733.68
1731
1728.32
1725.64
1722.97
1720.3
1717.64
1714.98
1712.33
1709.68
1707.03
1704.39
1701.75
1699.12
1696.49
1693.86
1691.24
1688.62
1686.01
1683.4
1680.79
1678.19
1675.59
1673
1670.41
1667.83
1665.25
1662.67
1660.1
1657.53
1654.96
1652.4
1649.84
1647.29
1644.74
1642.19
1639.65
1637.12
1634.58
1632.05
1629.53
1627.01
1624.49
1621.97
1619.46
1616.96
1614.46
1611.96
1609.46
1606.97
1604.49
1602
1599.53
1597.05
1594.58
1592.11
1589.65
1587.19
1584.73
1582.28
1579.83
1577.39
1574.95
1572.51
1570.08
1567.65
1565.22
1562.8
1560.38
1557.97
1555.56
1553.15
1550.75
1548.35
1545.96
1543.56
1541.18
1538.79
1536.41
1534.03
1531.66
1529.29
1526.93
1524.56
1522.21
1519.85
1517.5
1515.15
1512.81
1510.47
1508.13
1505.8
1503.47
1501.15
1498.82
1496.5
1494.19
1491.88
1489.57
1487.27
1484.97
1482.67
1480.38
1478.09
1475.8
1473.52
1471.24
1468.96
1466.69
1464.42
1462.16
1459.9
1457.64
1455.39
1453.13
1450.89
1448.64
1446.4
1444.17
1441.93
1439.7
1437.48
1435.25
1433.03
1430.82
1428.61
1426.4
1424.19
1421.99
1419.79
1417.59
1415.4
1413.21
1411.03
1408.85
1406.67
1404.49
1402.32
1400.15
1397.99
1395.83
1393.67
1391.51
1389.36
1387.21
1385.07
1382.93
1380.79
1378.66
1376.52
1374.4
1372.27
1370.15
1368.03
1365.92
1363.8
1361.7
1359.59
1357.49
1355.39
1353.3
1351.2
1349.12
1347.03
1344.95
1342.87
1340.79
1338.72
1336.65
1334.58
1332.52
1330.46
1328.41
1326.35
1324.3
1322.26
1320.21
1318.17
1316.13
1314.1
1312.07
1310.04
1308.02
1305.99
1303.98
1301.96
1299.95
1297.94
1295.93
1293.93
1291.93
1289.93
1287.94
1285.95
1283.96
1281.98
1280
1278.02
1276.04
1274.07
1272.1
1270.14
1268.18
1266.22
1264.26
1262.31
1260.36
1258.41
1256.46
1254.52
1252.58
1250.65
1248.72
1246.79
1244.86
1242.94
1241.02
1239.1
1237.18
1235.27
1233.37
1231.46
1229.56
1227.66
1225.76
1223.87
1221.98
1220.09
1218.2
1216.32
1214.44
1212.57
1210.69
1208.82
1206.96
1205.09
1203.23
1201.37
1199.52
1197.66
1195.81
1193.97
1192.12
1190.28
1188.44
1186.61
1184.77
1182.94
1181.12
1179.29
1177.47
1175.65
1173.84
1172.02
1170.21
1168.41
1166.6
1164.8
1163
1161.21
1159.41
1157.62
1155.83
1154.05
1152.27
1150.49
1148.71
1146.94
1145.17
1143.4
1141.63
1139.87
1138.11
1136.35
1134.6
1132.85
1131.1
1129.35
1127.61
1125.87
1124.13
1122.39
1120.66
1118.93
1117.2
1115.48
1113.75
1112.04
1110.32
1108.6
1106.89
1105.18
1103.48
1101.77
1100.07
1098.38
1096.68
1094.99
1093.3
1091.61
1089.92
1088.24
1086.56
1084.89
1083.21
1081.54
1079.87
1078.2
1076.54
1074.88
1073.22
1071.56
1069.91
1068.26
1066.61
1064.96
1063.32
1061.68
1060.04
1058.4
1056.77
1055.14
1053.51
1051.88
1050.26
1048.64
1047.02
1045.41
1043.79
1042.18
1040.58
1038.97
1037.37
1035.77
1034.17
1032.57
1030.98
1029.39
1027.8
1026.21
1024.63
1023.05
1021.47
1019.9
1018.32
1016.75
1015.18
1013.62
1012.05
1010.49
1008.93
1007.38
1005.82
1004.27
1002.72
1001.17
999.63
998.089
996.549
995.012
993.477
991.945
990.415
988.887
987.362
985.839
984.319
982.8
981.285
979.771
978.26
976.751
975.245
973.741
972.239
970.74
969.243
967.748
966.256
964.766
963.278
961.793
960.31
958.829
957.351
955.874
954.4
952.929
951.46
949.993
948.528
947.065
945.605
944.147
942.692
941.238
939.787
938.338
936.892
935.447
934.005
932.565
931.128
929.692
928.259
926.828
925.399
923.973
922.549
921.127
919.707
918.289
916.874
915.461
914.049
912.641
911.234
909.83
908.427
907.027
905.629
904.234
902.84
901.449
900.059
898.672
897.287
895.905
894.524
893.146
891.769
890.395
889.023
887.653
886.285
884.92
883.556
882.195
880.835
879.478
878.123
876.77
875.419
874.071
872.724
871.379
870.037
868.697
867.358
866.022
864.688
863.356
862.026
860.698
859.372
858.048
856.727
855.407
854.089
852.774
851.46
850.149
848.839
847.532
846.226
844.923
843.622
842.322
841.025
839.73
838.437
837.145
835.856
834.569
833.284
832.001
830.719
829.44
828.163
826.888
825.614
824.343
823.074
821.806
820.541
819.278
818.016
816.757
815.499
814.244
812.99
811.738
810.489
809.241
807.995
806.751
805.509
804.269
803.031
801.795
800.561
799.328
798.098
796.87
795.643
794.418
793.196
791.975
790.756
789.539
788.323
787.11
785.899
784.689
783.482
782.276
781.072
779.87
778.67
777.472
776.275
775.081
773.888
772.697
771.508
770.321
769.136
767.952
766.771
765.591
764.413
763.237
762.063
760.89
759.72
758.551
757.384
756.219
755.055
753.894
752.734
751.576
750.42
749.266
748.113
746.962
745.813
744.666
743.521
742.377
741.235
740.095
738.957
737.82
736.686
735.553
734.422
733.292
732.164
731.038
729.914
728.792
727.671
726.552
725.435
724.319
723.206
722.094
720.983
719.875
718.768
717.663
716.56
715.458
714.358
713.26
712.163
711.068
709.975
708.884
707.794
706.706
705.62
704.535
703.452
702.371
701.291
700.213
699.137
698.062
696.989
695.918
694.849
693.781
692.715
691.65
690.587
689.526
688.466
687.408
686.352
685.297
684.244
683.193
682.143
681.095
680.048
679.003
677.96
676.918
675.878
674.84
673.803
672.768
671.735
670.703
669.672
668.643
667.616
666.591
665.567
664.544
663.524
662.505
661.487
660.471
659.456
658.444
657.432
656.423
655.414
654.408
653.403
652.399
651.398
650.397
649.398
648.401
647.406
646.412
645.419
644.428
643.438
642.45
641.464
640.479
639.496
638.514
637.534
636.555
635.578
634.602
633.628
632.655
631.684
630.714
629.746
628.78
627.814
626.851
625.889
624.928
623.969
623.011
622.055
621.1
620.147
619.195
618.245
617.296
616.349
615.403
614.459
613.516
612.575
611.635
610.696
609.759
608.824
607.89
606.957
606.026
605.096
604.168
603.241
602.315
601.391
600.469
599.548
598.628
597.71
596.793
595.878
594.964
594.051
593.14
592.23
591.322
590.415
589.51
588.605
587.703
586.802
585.902
585.003
584.106
583.211
582.316
581.423
580.532
579.642
578.753
577.866
576.98
576.095
575.212
574.33
573.45
572.571
571.693
570.817
569.942
569.068
568.196
567.325
566.455
565.587
564.72
563.855
562.99
562.128
561.266
560.406
559.547
558.69
557.834
556.979
556.125
555.273
554.422
553.573
552.725
551.878
551.032
550.188
549.345
548.504
547.663
546.824
545.987
545.15
544.315
543.481
542.649
541.818
540.988
540.159
539.332
538.506
537.681
536.858
536.036
535.215
534.395
533.577
532.76
531.944
531.129
530.316
529.504
528.693
527.884
527.076
526.269
525.463
524.658
523.855
523.053
522.253
521.453
520.655
519.858
519.062
518.268
517.474
516.682
515.892
515.102
514.314
513.527
512.741
511.956
511.173
510.39
509.609
508.83
508.051
507.274
506.497
505.723
504.949
504.176
503.405
502.635
501.866
501.098
500.331
499.566
498.802
498.039
497.277
496.517
495.757
494.999
494.242
493.486
492.731
491.978
491.225
490.474
489.724
488.975
488.227
487.481
486.736
485.991
485.248
484.506
483.766
483.026
482.288
481.55
480.814
480.079
479.345
478.613
477.881
477.15
476.421
475.693
474.966
474.24
473.515
472.792
472.069
471.348
470.627
469.908
469.19
468.473
467.757
467.043
466.329
465.617
464.905
464.195
463.486
462.778
462.071
461.365
460.66
459.957
459.254
458.553
457.852
457.153
456.455
455.758
455.061
454.367
453.673
452.98
452.288
451.597
450.908
450.219
449.532
448.846
448.16
447.476
446.793
446.111
445.43
444.75
444.071
443.393
442.716
442.041
441.366
440.692
440.02
439.348
438.678
438.008
437.34
436.672
436.006
435.341
434.676
434.013
433.351
432.69
432.029
431.37
430.712
430.055
429.399
428.744
428.09
427.437
426.785
426.134
425.484
424.835
424.187
423.54
422.894
422.249
421.605
420.963
420.321
419.68
419.04
418.401
417.763
417.126
416.49
415.855
415.221
414.588
413.956
413.325
412.695
412.066
411.438
410.811
410.185
409.559
408.935
408.312
407.69
407.069
406.448
405.829
405.211
404.593
403.977
403.361
402.747
402.133
401.52
400.909
400.298
399.688
399.079
398.471
397.865
397.259
396.653
396.049
395.446
394.844
394.243
393.642
393.043
392.444
391.847
391.25
390.654
390.06
389.466
388.873
388.281
387.69
387.1
386.51
385.922
385.335
384.748
384.163
383.578
382.994
382.411
381.829
381.248
380.668
380.089
379.51
378.933
378.356
377.781
377.206
376.632
376.059
375.487
374.916
374.346
373.776
373.208
372.64
372.073
371.507
370.942
370.378
369.815
369.253
368.691
368.131
367.571
367.012
366.454
365.897
365.341
364.785
364.231
363.677
363.124
362.572
362.021
361.471
360.921
360.373
359.825
359.278
358.732
358.187
357.643
357.099
356.557
356.015
355.474
354.934
354.395
353.857
353.319
352.782
352.246
351.711
351.177
350.644
350.111
349.58
349.049
348.519
347.989
347.461
346.933
346.407
345.881
345.355
344.831
344.308
343.785
343.263
342.742
342.222
341.702
341.184
340.666
340.149
339.632
339.117
338.602
338.089
337.576
337.063
336.552
336.041
335.531
335.022
334.514
334.007
333.5
332.994
332.489
331.985
331.481
330.978
330.476
329.975
329.475
328.975
328.476
327.978
327.481
326.985
326.489
325.994
325.5
325.006
324.513
324.022
323.53
323.04
322.55
322.062
321.573
321.086
320.6
320.114
319.629
319.144
318.661
318.178
317.696
317.215
316.734
316.254
315.775
315.297
314.819
314.342
313.866
313.391
312.916
312.443
311.969
311.497
311.025
310.554
310.084
309.615
309.146
308.678
308.211
307.744
307.278
306.813
306.349
305.885
305.422
304.96
304.499
304.038
303.578
303.118
302.66
302.202
301.745
301.288
300.832
300.377
299.923
299.469
299.016
298.564
298.112
297.662
297.211
296.762
296.313
295.865
295.418
294.971
294.525
294.08
293.635
293.192
292.748
292.306
291.864
291.423
290.982
290.543
290.104
289.665
289.228
288.79
288.354
287.918
287.483
287.049
286.616
286.183
285.75
285.319
284.888
284.457
284.028
283.599
283.171
282.743
282.316
281.89
281.464
281.039
280.615
280.191
279.768
279.346
278.924
278.503
278.083
277.663
277.244
276.826
276.408
275.991
275.575
275.159
274.744
274.329
273.915
273.502
273.09
272.678
272.266
271.856
271.446
271.036
270.628
270.219
269.812
269.405
268.999
268.593
268.188
267.784
267.38
266.977
266.575
266.173
265.772
265.371
264.972
264.572
264.174
263.776
263.378
262.981
262.585
262.189
261.794
261.4
261.006
260.613
260.221
259.829
259.437
259.047
258.657
258.267
257.878
257.49
257.102
256.715
256.329
255.943
255.558
255.173
254.789
254.406
254.023
253.64
253.259
252.878
252.497
252.117
251.738
251.359
250.981
250.604
250.227
249.85
249.474
249.099
248.725
248.351
247.977
247.604
247.232
246.86
246.489
246.119
245.749
245.379
245.01
244.642
244.274
243.907
243.541
243.175
242.809
242.445
242.08
241.717
241.354
240.991
240.629
240.268
239.907
239.546
239.187
238.827
238.469
238.111
237.753
237.396
237.04
236.684
236.329
235.974
235.62
235.266
234.913
234.56
234.208
233.857
233.506
233.156
232.806
232.457
232.108
231.76
231.412
231.065
230.718
230.372
230.027
229.682
229.337
228.994
228.65
228.307
227.965
227.623
227.282
226.941
226.601
226.262
225.923
225.584
225.246
224.908
224.571
224.235
223.899
223.564
223.229
222.894
222.561
222.227
221.894
221.562
221.23
220.899
220.568
220.238
219.908
219.579
219.25
218.922
218.594
218.267
217.941
217.615
217.289
216.964
216.639
216.315
215.991
215.668
215.346
215.023
214.702
214.381
214.06
213.74
213.42
213.101
212.783
212.465
212.147
211.83
211.513
211.197
210.881
210.566
210.251
209.937
209.624
209.31
208.998
208.685
208.374
208.062
207.751
207.441
207.131
206.822
206.513
206.205
205.897
205.589
205.283
204.976
204.67
204.365
204.06
203.755
203.451
203.147
202.844
202.541
202.239
201.938
201.636
201.335
201.035
200.735
200.436
200.137
199.838
199.54
199.243
198.946
198.649
198.353
198.057
197.762
197.467
197.173
196.879
196.586
196.293
196
195.708
195.417
195.126
194.835
194.545
194.255
193.966
193.677
193.388
193.101
192.813
192.526
192.239
191.953
191.667
191.382
191.097
190.813
190.529
190.245
189.962
189.68
189.397
189.116
188.834
188.553
188.273
187.993
187.713
187.434
187.156
186.877
186.6
186.322
186.045
185.769
185.492
185.217
184.942
184.667
184.392
184.118
183.845
183.572
183.299
183.027
182.755
182.483
182.212
181.942
181.672
181.402
181.133
180.864
180.595
180.327
180.059
179.792
179.525
179.259
178.993
178.727
178.462
178.198
177.933
177.669
177.406
177.143
176.88
176.618
176.356
176.094
175.833
175.573
175.312
175.052
174.793
174.534
174.275
174.017
173.759
173.502
173.245
172.988
172.732
172.476
172.221
171.966
171.711
171.457
171.203
170.949
170.696
170.444
170.191
169.939
169.688
169.437
169.186
168.936
168.686
168.436
168.187
167.938
167.69
167.442
167.194
166.947
166.7
166.454
166.208
165.962
165.717
165.472
165.227
164.983
164.739
164.496
164.253
164.01
163.768
163.526
163.285
163.043
162.803
162.562
162.322
162.083
161.843
161.604
161.366
161.128
160.89
160.653
160.416
160.179
159.943
159.707
159.471
159.236
159.001
158.766
158.532
158.299
158.065
157.832
157.6
157.367
157.135
156.904
156.672
156.442
156.211
155.981
155.751
155.522
155.293
155.064
154.836
154.608
154.38
154.153
153.926
153.699
153.473
153.247
153.021
152.796
152.571
152.347
152.123
151.899
151.676
151.453
151.23
151.007
150.785
150.564
150.342
150.121
149.901
149.68
149.46
149.241
149.021
148.802
148.584
148.365
148.148
147.93
147.713
147.496
147.279
147.063
146.847
146.631
146.416
146.201
145.987
145.772
145.559
145.345
145.132
144.919
144.706
144.494
144.282
144.07
143.859
143.648
143.438
143.227
143.017
142.808
142.599
142.39
142.181
141.973
141.765
141.557
141.35
141.143
140.936
140.729
140.523
140.318
140.112
139.907
139.702
139.498
139.294
139.09
138.886
138.683
138.48
138.278
138.075
137.874
137.672
137.471
137.27
137.069
136.869
136.669
136.469
136.269
136.07
135.871
135.673
135.475
135.277
135.079
134.882
134.685
134.488
134.292
134.096
133.9
133.705
133.51
133.315
133.12
132.926
132.732
132.538
132.345
132.152
131.959
131.767
131.575
131.383
131.191
131
130.809
130.619
130.428
130.238
130.049
129.859
129.67
129.481
129.292
129.104
128.916
128.729
128.541
128.354
128.167
127.981
127.794
127.608
127.423
127.237
127.052
126.868
126.683
126.499
126.315
126.131
125.948
125.765
125.582
125.4
125.217
125.035
124.854
124.672
124.491
124.31
124.13
123.95
123.77
123.59
123.411
123.232
123.053
122.874
122.696
122.518
122.34
122.163
121.985
121.809
121.632
121.456
121.279
121.104
120.928
120.753
120.578
120.403
120.229
120.054
119.881
119.707
119.534
119.36
119.188
119.015
118.843
118.671
118.499
118.328
118.156
117.985
117.815
117.644
117.474
117.304
117.135
116.965
116.796
116.627
116.459
116.29
116.122
115.955
115.787
115.62
115.453
115.286
115.119
114.953
114.787
114.622
114.456
114.291
114.126
113.961
113.797
113.633
113.469
113.305
113.142
112.978
112.816
112.653
112.491
112.328
112.167
112.005
111.843
111.682
111.521
111.361
111.2
111.04
110.88
110.721
110.561
110.402
110.243
110.085
109.926
109.768
109.61
109.453
109.295
109.138
108.981
108.824
108.668
108.512
108.356
108.2
108.045
107.889
107.734
107.58
107.425
107.271
107.117
106.963
106.81
106.656
106.503
106.35
106.198
106.045
105.893
105.741
105.59
105.438
105.287
105.136
104.985
104.835
104.685
104.535
104.385
104.235
104.086
103.937
103.788
103.64
103.491
103.343
103.195
103.048
102.9
102.753
102.606
102.459
102.313
102.166
102.02
101.874
101.729
101.583
101.438
101.293
101.148
101.004
100.86
100.716
100.572
100.428
100.285
100.142
99.9986
99.8559
99.7134
99.5712
99.4291
99.2873
99.1457
99.0043
98.8631
98.7222
98.5814
98.4409
98.3006
98.1606
98.0207
97.8811
97.7417
97.6025
97.4635
97.3247
97.1861
97.0478
96.9097
96.7718
96.6341
96.4966
96.3593
96.2223
96.0854
95.9488
95.8124
95.6762
95.5402
95.4044
95.2688
95.1335
94.9983
94.8634
94.7287
94.5942
94.4599
94.3258
94.1919
94.0582
93.9247
93.7914
93.6584
93.5255
93.3929
93.2604
93.1282
92.9962
92.8644
92.7327
92.6013
92.4701
92.3391
92.2083
92.0777
91.9473
91.8171
91.6871
91.5574
91.4278
91.2984
91.1692
91.0402
90.9114
90.7829
90.6545
90.5263
90.3983
90.2705
90.143
90.0156
89.8884
89.7614
89.6346
89.508
89.3816
89.2554
89.1294
89.0036
88.878
88.7526
88.6273
88.5023
88.3775
88.2528
88.1284
88.0041
87.8801
87.7562
87.6325
87.5091
87.3858
87.2627
87.1398
87.0171
86.8945
86.7722
86.6501
86.5281
86.4064
86.2848
86.1634
86.0422
85.9212
85.8004
85.6797
85.5593
85.439
85.319
85.1991
85.0794
84.9599
84.8406
84.7214
84.6025
84.4837
84.3651
84.2467
84.1285
84.0105
83.8926
83.775
83.6575
83.5402
83.4231
83.3061
83.1894
83.0728
82.9564
82.8402
82.7242
82.6083
82.4927
82.3772
82.2619
82.1468
82.0318
81.917
81.8025
81.688
81.5738
81.4597
81.3459
81.2322
81.1186
81.0053
80.8921
80.7791
80.6663
80.5537
80.4412
80.3289
80.2168
80.1048
79.993
79.8814
79.77
79.6588
79.5477
79.4368
79.3261
79.2155
79.1051
78.9949
78.8848
78.775
78.6653
78.5557
78.4464
78.3372
78.2281
78.1193
78.0106
77.9021
77.7938
77.6856
77.5776
77.4697
77.362
77.2545
77.1472
77.04
76.933
76.8262
76.7195
76.613
76.5067
76.4005
76.2945
76.1886
76.0829
75.9774
75.8721
75.7669
75.6619
75.557
75.4523
75.3478
75.2434
75.1392
75.0351
74.9312
74.8275
74.724
74.6206
74.5173
74.4142
74.3113
74.2085
74.1059
74.0035
73.9012
73.7991
73.6971
73.5953
73.4937
73.3922
73.2909
73.1897
73.0887
72.9878
72.8871
72.7866
72.6862
72.5859
72.4859
72.3859
72.2862
72.1865
72.0871
71.9878
71.8886
71.7896
71.6908
71.5921
71.4936
71.3952
71.297
71.1989
71.101
71.0032
70.9056
70.8081
70.7108
70.6137
70.5167
70.4198
70.3231
70.2265
70.1301
70.0339
69.9378
69.8418
69.746
69.6503
69.5548
69.4594
69.3642
69.2692
69.1742
69.0795
68.9849
68.8904
68.796
68.7019
68.6078
68.5139
68.4202
68.3266
68.2331
68.1398
68.0467
67.9536
67.8608
67.768
67.6755
67.583
67.4907
67.3986
67.3066
67.2147
67.123
67.0314
66.9399
66.8487
66.7575
66.6665
66.5756
66.4849
66.3943
66.3038
66.2135
66.1234
66.0333
65.9435
65.8537
65.7641
65.6746
65.5853
65.4961
65.4071
65.3182
65.2294
65.1407
65.0522
64.9639
64.8757
64.7876
64.6996
64.6118
64.5241
64.4366
64.3492
64.2619
64.1748
64.0878
64.0009
63.9142
63.8276
63.7412
63.6549
63.5687
63.4826
63.3967
63.3109
63.2253
63.1397
63.0543
62.9691
62.884
62.799
62.7141
62.6294
62.5448
62.4604
62.376
62.2918
62.2078
62.1238
62.04
61.9563
61.8728
61.7894
61.7061
61.6229
61.5399
61.457
61.3742
61.2916
61.2091
61.1267
61.0445
60.9623
60.8803
60.7985
60.7167
60.6351
60.5536
60.4722
60.391
60.3099
60.2289
60.148
60.0673
59.9867
59.9062
59.8259
59.7456
59.6655
59.5855
59.5057
59.426
59.3463
59.2669
59.1875
59.1083
59.0291
58.9501
58.8713
58.7925
58.7139
58.6354
58.557
58.4788
58.4006
58.3226
58.2447
58.1669
58.0893
58.0118
57.9344
57.8571
57.7799
57.7028
57.6259
57.5491
57.4724
57.3958
57.3194
57.2431
57.1668
57.0907
57.0148
56.9389
56.8632
56.7875
56.712
56.6366
56.5614
56.4862
56.4112
56.3363
56.2615
56.1868
56.1122
56.0377
55.9634
55.8892
55.8151
55.7411
55.6672
55.5934
55.5198
55.4463
55.3728
55.2995
55.2263
55.1533
55.0803
55.0074
54.9347
54.8621
54.7896
54.7172
54.6449
54.5727
54.5006
54.4287
54.3569
54.2851
54.2135
54.142
54.0706
53.9993
53.9282
53.8571
53.7862
53.7153
53.6446
53.574
53.5035
53.4331
53.3628
53.2926
53.2225
53.1526
53.0827
53.013
52.9433
52.8738
52.8044
